tree
version=v4
num_class=1
num_tree_per_iteration=1
label_index=0
max_feature_idx=15
objective=binary sigmoid:1
feature_names=frame army credits enemies extractors lost lost_cum killed_cum producers idle orders refused worth rival income rival_income
feature_infos=[0:749925] [0:148] [4:5443] [0:175] [0:7] [0:4] [0:423] [0:423] [0:5] [0:4] [0:2] [0:4] [0:99900] [0:175400] [0:126] [0:245]
tree_sizes=2722 2796 2695 2794 2695 2689 2697 2693 2788 2681 2606 2691 2705 2680 2567 2791 2684 2694 2477 2809 2593 2894 2476 2708 3009 2598 2898 2503 2490 2277 2391 2063 2171 2809 2372

Tree=0
num_leaves=25
num_cat=0
split_feature=3 14 15 13 12 6 6 4 15 13 0 8 6 14 1 4 3 2 14 1 4 14 0 6
split_gain=133557 17324.7 11951.1 7265.85 7146.73 7698.37 4353.58 3952.92 3768.65 3330.49 3199.46 2999.15 2778.63 2256.06 1851.94 1575.37 1320.59 1275.99 816.706 1527.06 623.244 580.469 205.403 90.3267
threshold=37.500000000000007 92.000000000000014 63.000000000000007 43525.000000000007 26225.000000000004 98.500000000000014 120.50000000000001 4.5000000000000009 46.000000000000007 34025.000000000007 135862.50000000003 2.5000000000000004 34.500000000000007 80.000000000000014 17.500000000000004 2.5000000000000004 24.500000000000004 496.50000000000006 96.000000000000014 61.500000000000007 4.5000000000000009 100.00000000000001 384787.50000000006 38.500000000000007
decision_type=2 2 2 2 2 2 2 2 2 2 2 2 2 2 2 2 2 2 2 2 2 2 2 2
left_child=2 3 4 7 5 8 10 11 -1 13 16 -2 20 -6 -7 -12 -4 -9 19 -3 -5 -8 -11 -14
right_child=1 18 6 12 9 14 21 17 -10 22 15 -13 23 -15 -16 -17 -18 -19 -20 -21 -22 -23 -24 -25
leaf_value=0.13462110046784337 -0.19973467912055559 0.19914767227094979 0.040212669963500057 0.061755698171067963 0.13410510940765641 -0.19940286020220443 -0.19982028419635237 -0.055626368514088267 0.051905665483669906 0.18643561603655742 -0.19888736262007239 0.020341520047224615 -0.14110822190852884 0.19979942254008076 0.19845979959577195 0.1044224789321679 -0.059474055632808824 -0.17841614269810765 0.19984540272059895 -0.19877864504158657 -0.19822224130961033 0.19484499896093097 -0.19930315497588985 -0.19971314907706181
leaf_weight=9619.8438523411751 752.75 233.65677833557129 1981.00969851017 510.41355431079865 17423.724774122238 1197.0385484099388 1111.75 1090.436781167984 12890.784498751163 13.744516372680662 178.75 3468.9172919392586 276.62451684474945 7478.1193260550499 128.85484099388123 3656.7645654678345 4032.5442186594009 3797.1996810436249 1292.843571305275 162.75 111.5 37.797420024871826 286 24652.180645465851
leaf_count=25025 3011 544 5935 1483 45364 4786 4447 3704 37991 32 715 10681 1039 17416 300 9974 13762 14847 3010 651 446 88 1144 98580
internal_value=-2.09961e-08 -0.151279 0.0915931 -0.166521 0.112723 0.0734642 -0.00261618 -0.0898257 0.0872582 0.14985 0.0188845 -0.0189375 -0.19386 0.153841 -0.160617 0.0902389 -0.0266336 -0.151039 0.161367 0.0356847 0.0149021 -0.186686 -0.181054 -0.199069
internal_weight=96386 36349.3 60036.7 34660 49038.1 23836.5 10998.6 9109.3 22510.6 25201.6 9849.07 4221.67 25550.7 24901.8 1325.89 3835.51 6013.55 4887.64 1689.25 396.407 621.914 1149.55 299.745 24928.8
internal_count=304975 137996 166979 133791 132058 68102 34921 32243 63016 63956 30386 13692 101548 62780 5086 10689 19697 18551 4205 1195 1929 4535 1176 99619
is_linear=0
shrinkage=1


Tree=1
num_leaves=25
num_cat=0
split_feature=3 14 15 13 12 6 6 4 15 13 0 8 6 15 14 4 3 2 14 1 4 14 6 0
split_gain=108982 14162.1 9744.21 6027.7 5900.42 7114.99 3561.72 3235.55 3029.21 2754.51 2599.33 2455.75 2321.4 1883.67 1700.84 1284.57 1070.69 1057.37 668.845 1251.49 637.988 476.586 280.149 169.422
threshold=37.500000000000007 92.000000000000014 63.000000000000007 43525.000000000007 26925.000000000004 99.500000000000014 120.50000000000001 4.5000000000000009 46.000000000000007 34025.000000000007 135862.50000000003 2.5000000000000004 31.500000000000004 40.000000000000007 80.000000000000014 2.5000000000000004 24.500000000000004 508.50000000000006 96.000000000000014 61.500000000000007 4.5000000000000009 100.00000000000001 38.500000000000007 384787.50000000006
decision_type=2 2 2 2 2 2 2 2 2 2 2 2 2 2 2 2 2 2 2 2 2 2 2 2
left_child=2 3 4 7 5 8 10 11 -1 14 16 -2 20 -7 -6 -12 -4 -9 19 -3 -5 -8 -14 -11
right_child=1 18 6 12 9 13 21 17 -10 23 15 -13 22 -15 -16 -17 -18 -19 -20 -21 -22 -23 -24 -25
leaf_value=0.12281836437585836 -0.18165106782227305 0.1811598530282503 0.03620862282924308 0.12688403617297514 0.12346097191312032 0.18211277637947199 -0.18172269996954893 -0.050864354194109673 0.050442680252295008 0.17047963473168412 -0.18094191810551308 0.018309929773935623 -0.10508290472101355 -0.17818546426603624 0.18176799932985072 0.094248969000360783 -0.053577190683395837 -0.16217809238035666 0.18174375604654983 -0.18085090242287691 -0.17990621550408287 0.17755398264462985 -0.18160756197276245 -0.18128994578585766
leaf_weight=10187.389991536736 745.29209651052952 231.35530567169189 1980.2090238779783 317.70845133066177 16159.433209270239 161.38995212316513 1100.7258786410093 1106.1477159708738 13379.530562579632 13.625771522521971 176.99392132461071 3468.5584803521633 492.72197906672955 1375.683815330267 7257.4838109612465 3646.8143531084061 4028.98041254282 3750.5868839323521 1280.0205120444298 161.1528452038765 85.160720109939575 37.440937280654907 24407.990986406803 283.17859697341919
leaf_count=26576 3011 544 5935 829 42113 379 4447 3765 39239 32 715 10681 1795 5506 17069 9974 13762 14786 3010 651 344 88 98580 1144
internal_value=-9.39797e-06 -0.137346 0.0827915 -0.151172 0.101929 0.0681354 -0.00236647 -0.0812181 0.0817328 0.1377 0.0170244 -0.0170913 -0.176245 -0.140261 0.141539 0.0814671 -0.023989 -0.136841 0.146747 0.0324465 0.0617481 -0.169759 -0.180098 -0.164623
internal_weight=95835.6 36046.7 59788.9 34374.2 48817.7 25104 10971.2 9070.59 23566.9 23713.7 9833 4213.85 25303.6 1537.07 23416.9 3823.81 6009.19 4856.73 1672.53 392.508 402.869 1138.17 24900.7 296.804
internal_count=304975 137996 166979 133791 132058 71700 34921 32243 65815 60358 30386 13692 101548 5885 59182 10689 19697 18551 4205 1195 1173 4535 100375 1176
is_linear=0
shrinkage=0.1


Tree=2
num_leaves=24
num_cat=0
split_feature=3 14 15 14 6 6 15 15 6 12 2 8 2 8 1 1 14 15 0 14 1 0 12
split_gain=90062.8 11286.3 8892.05 5013.34 5101.15 4609.56 3908.96 3204.9 2652.44 2028.71 1586.68 1409.42 1198.59 2131.68 1260.57 1155.02 749.933 635.333 1345.08 521.552 1000.19 61.157 25.4929
threshold=38.500000000000007 92.000000000000014 63.000000000000007 72.000000000000014 222.50000000000003 68.500000000000014 25.500000000000004 66.000000000000014 120.50000000000001 27025.000000000004 508.50000000000006 3.5000000000000004 470.50000000000006 3.5000000000000004 1.5000000000000002 39.500000000000007 100.00000000000001 69.000000000000014 352087.50000000006 96.000000000000014 62.500000000000007 260212.50000000003 26225.000000000004
decision_type=2 2 2 2 2 2 2 2 2 2 2 2 2 2 2 2 2 2 2 2 2 2 2
left_child=2 5 3 4 6 7 -1 -2 9 11 -9 -4 13 -5 -14 -11 -10 18 -7 20 -3 -19 -6
right_child=1 19 8 12 22 17 -8 10 16 15 -12 -13 14 -15 -16 -17 -18 21 -20 -21 -22 -23 -24
leaf_value=0.16973285904347324 0.1957173865204416 0.16759759422236972 -0.042727303777001541 0.16692947951796164 -0.16820937163220295 0.15970956569462588 0.066235211293879478 -0.026717812981538927 -0.16859860896317258 0.078237329913133813 -0.12085902246919869 0.08687204709103391 -0.20503841705721634 -0.097175260301584188 0.15800145954839881 -0.20378563896149859 0.16624554660549595 -0.14849842068636318 -0.16900343121324626 0.16813392762408486 -0.16729101568011495 -0.16887781139435953 -0.20884684263573883
leaf_weight=4148.5006784796715 398.44215488433838 218.36369234323502 5528.5971937328577 699.64068874716759 492.00404956936836 186.00887252390385 30306.591080442071 2507.775503501296 1087.9646657556295 3827.822051525116 6262.695744395256 988.31095434725285 95.608431875705719 541.16591894626617 11840.591238513589 150.00487123429775 70.485375881195068 1658.1742758750916 371.61828726530075 1170.6772835254669 149.30565018951893 21442.555228993297 269.31559289991856
leaf_count=9950 928 527 18674 1692 2039 482 86363 8441 4510 10779 24065 2775 382 1905 29085 610 170 6690 1537 2826 619 88841 1085
internal_value=-3.74212e-05 -0.12914 0.0738507 0.092734 0.0730421 -0.141546 0.0787012 -0.0813394 -0.00456925 0.0112868 -0.093947 -0.0230628 0.145352 0.0517572 0.155077 0.0675536 -0.148099 -0.164875 -0.0592643 0.135524 0.0315189 -0.167421 -0.18284
internal_weight=94412.2 34365.6 60046.6 48393.4 35216.4 32827.3 34455.1 9168.91 11653.2 10494.7 8770.47 6516.91 13177 1240.81 11936.2 3977.83 1158.45 23658.4 557.627 1538.35 367.669 23100.7 761.32
internal_count=304975 134956 170019 132501 99437 130984 96313 33434 37518 32838 32506 21449 33064 3597 29467 11389 4680 97550 2019 3972 1146 95531 3124
is_linear=0
shrinkage=0.1


Tree=3
num_leaves=25
num_cat=0
split_feature=3 14 15 12 6 13 4 15 6 13 0 12 6 14 1 4 2 4 14 1 0 14 0 6
split_gain=75079 9883.32 6638.25 4772.88 5037.13 4769.15 2534.55 2500.14 2279.93 2222.91 2008.78 1957.16 1926.68 1487.35 1215.94 986.29 845.352 739.146 471.502 883.393 469.518 336.235 133.191 56.2973
threshold=37.500000000000007 92.000000000000014 66.000000000000014 26225.000000000004 98.500000000000014 43525.000000000007 4.5000000000000009 46.000000000000007 120.50000000000001 34025.000000000007 135862.50000000003 28175.000000000004 34.500000000000007 80.000000000000014 17.500000000000004 2.5000000000000004 508.50000000000006 2.5000000000000004 96.000000000000014 61.500000000000007 172687.50000000003 100.00000000000001 384787.50000000006 38.500000000000007
decision_type=2 2 2 2 2 2 2 2 2 2 2 2 2 2 2 2 2 2 2 2 2 2 2 2
left_child=2 5 3 4 7 6 11 -1 10 13 17 -2 20 -5 -6 -12 -8 -4 19 -3 -7 -10 -11 -14
right_child=1 18 8 9 14 12 16 -9 21 22 15 -13 23 -15 -16 -17 -18 -19 -20 -21 -22 -23 -24 -25
leaf_value=0.10354808649983981 -0.053332119999545229 0.15726414264408295 0.16320591565574169 0.10337920873621076 -0.16593617691764354 -0.021608330425935324 -0.04033380980277014 0.035584391244895659 -0.15752300170672123 0.14807755098618763 -0.16458650544416453 0.098352834040755302 -0.11095654106022396 0.15831971749674389 0.16331467231145752 0.080590159792318233 -0.14073961032345644 -0.030772006328845209 0.1577704793166079 -0.1567345625528935 0.19674564851642068 0.15397741029595791 -0.17240793273290123 -0.15790550467726086
leaf_weight=9335.551877707243 2976.4449331313372 217.11325696110725 202.47977544367313 16894.604674816132 1214.6882782876492 492.29327450692654 1095.9544045180082 12882.972145438194 961.63515463471413 12.863149285316466 171.00768402218819 1189.8520058840513 268.78092449903488 6964.6913884580135 122.77145025134087 3595.4747634828091 3583.114945307374 5688.2363390922546 1200.8174241185188 151.08719481527805 122.05367305874825 35.18312668800354 279.04906380176544 22925.622452571988
leaf_count=25025 10400 544 519 45364 5088 1641 3765 38228 4145 32 715 3292 1039 17416 300 9974 14786 18941 3010 651 288 88 1144 98580
internal_value=-6.8218e-05 -0.117662 0.06889 0.0848275 0.052797 -0.129443 -0.0667326 0.0641441 -0.00247729 0.116065 0.0123905 -0.00999923 -0.152737 0.119423 -0.135613 0.0694178 -0.117236 -0.0240779 0.127435 0.0283425 0.0220218 -0.146385 -0.157828 -0.157366
internal_weight=92584.3 34223.1 58361.2 47707.2 23556 32654.1 8845.37 22218.5 10654 24151.2 9657.2 4166.3 23808.8 23859.3 1337.46 3766.48 4679.07 5890.72 1569.02 368.2 614.347 996.818 291.912 23194.4
internal_count=304975 137996 166979 132597 68641 133791 32243 63253 34382 63956 30149 13692 101548 62780 5388 10689 18551 19460 4205 1195 1929 4233 1176 99619
is_linear=0
shrinkage=0.1


Tree=4
num_leaves=24
num_cat=0
split_feature=3 15 14 14 14 6 15 1 6 2 4 13 13 4 14 6 6 6 3 12 3 12 12
split_gain=63260.2 11470.5 5018.18 4529.59 4083.35 4340.02 2955.25 2702.35 2499.84 2369.33 1565.67 849.331 288.675 388.885 174.319 124.988 109.476 70.5179 282.712 39.3574 13.3644 5.32042 2.76146
threshold=46.500000000000007 66.000000000000014 88.000000000000014 96.000000000000014 80.000000000000014 222.50000000000003 25.500000000000004 34.500000000000007 34.500000000000007 516.50000000000011 2.5000000000000004 51275.000000000007 37225.000000000007 3.5000000000000004 92.000000000000014 41.500000000000007 15.500000000000002 4.5000000000000009 21.500000000000004 26225.000000000004 37.500000000000007 26225.000000000004 72125.000000000015
decision_type=2 2 2 2 2 2 2 2 2 2 2 2 2 2 2 2 2 2 2 2 2 2 2
left_child=1 4 8 7 5 6 -1 9 10 -3 -2 -12 13 -10 -9 -14 -5 18 -6 -7 -18 -19 -4
right_child=2 3 22 16 17 19 -8 14 12 -11 11 -13 15 -15 -16 -17 20 21 -20 -21 -22 -23 -24
leaf_value=0.15115765829051128 0.20401621368133105 0.035475679700651665 0.14942740438426946 -0.20920002138005694 -0.1612878063608234 -0.14876402259531513 0.061312443867991923 -0.15959883741795899 0.19023329915870901 -0.049653017461078489 -0.095404636004342736 0.18189744984134176 -0.10968793783526319 -0.15403810729461093 -0.060559008744368127 -0.14937351872237153 0.17105319648582418 0.17075100765080353 0.16172653968671866 -0.19713267826617928 0.14934032451914919 0.14991762125961053 0.091642961993482708
leaf_weight=4079.9394888281822 279.10889080166817 5224.4076276123524 605.15905719995499 7.2880344539880744 35.819058686494827 516.87034678459167 35638.754884168506 1583.0236355662346 58.734306752681732 8733.7153984159231 920.06257025897503 124.5659341365099 836.15559247136116 71.79737152159214 202.02596318721771 22797.661811158061 623.61484822630882 178.50397825241089 102.42658084630966 274.80264396965504 732.5598551928997 6603.0073805749416 14.214391723275183
leaf_count=10313 653 16024 1591 30 137 2341 102691 6931 137 30986 3403 294 3337 315 791 102438 1503 427 252 1108 1925 17306 42
internal_value=-0.000108277 0.052734 -0.132762 -0.0174644 0.0780524 0.0659226 0.070545 -0.032611 -0.139705 -0.0177898 -0.00595345 -0.0621956 -0.147155 0.00113953 -0.14843 -0.147974 0.157321 0.149044 0.0774772 -0.165781 0.159443 0.150491 0.148251
internal_weight=90244.2 64536.8 25707.5 17106.6 47430.1 40510.4 39718.7 15743.2 25088.1 13958.1 1323.74 1044.63 23764.3 130.532 1785.05 23633.8 1363.46 6919.76 138.246 791.673 1356.17 6781.51 619.373
internal_count=304975 192765 112210 58190 134575 116453 113004 54732 110577 47010 4350 3697 106227 452 7722 105775 3458 18122 389 3449 3428 17733 1633
is_linear=0
shrinkage=0.1


Tree=5
num_leaves=24
num_cat=0
split_feature=3 15 14 14 14 6 15 1 6 2 4 2 13 4 14 3 6 6 3 12 3 12 12
split_gain=53677.7 9540.86 4302.89 3821.26 3759.01 3619.57 2691.28 2329.06 2244.7 1930.16 1279.17 776.859 252.256 326.769 159.762 130.777 93.4885 66.9049 235.364 22.7422 7.58243 2.83291 2.34987
threshold=46.500000000000007 66.000000000000014 88.000000000000014 96.000000000000014 80.000000000000014 222.50000000000003 31.000000000000004 34.500000000000007 34.500000000000007 508.50000000000006 2.5000000000000004 508.50000000000006 37225.000000000007 3.5000000000000004 92.000000000000014 47.500000000000007 15.500000000000002 4.5000000000000009 21.500000000000004 26225.000000000004 37.500000000000007 72125.000000000015 26225.000000000004
decision_type=2 2 2 2 2 2 2 2 2 2 2 2 2 2 2 2 2 2 2 2 2 2 2
left_child=1 4 8 7 5 6 -1 9 10 -3 -2 -12 13 -10 -9 -14 -5 18 -6 -7 -18 -4 -19
right_child=2 3 21 16 17 19 -8 14 12 -11 11 -13 15 -15 -16 -17 20 22 -20 -21 -22 -23 -24
leaf_value=0.1311147323984172 0.18489192918522451 0.032397823668899331 0.14254554808233369 -0.18693698394459099 -0.14208708820136681 -0.14198111970465208 0.05414536856526328 -0.15076361550977527 0.1742858313616045 -0.044687074873506823 0.070651724114785874 -0.11560731768123439 -0.096869636710244983 -0.14613276552652099 -0.055218541047264071 -0.14218620462034479 0.15994420010419311 0.15911096576928932 0.15167904487119932 -0.17990157664655862 0.1424668969361805 0.084902868041003998 0.14296649278337242
leaf_weight=5245.304091155529 277.32982763648033 5165.5121414512396 572.65571436285973 7.4490420073270789 36.675861150026321 488.89199616014957 33915.311484888196 1511.917851254344 57.829251617193222 8748.1815521717072 326.96512784063816 705.82207334041595 665.28914812207222 68.344402864575386 199.63391789793968 21745.11910520494 601.42343235015869 172.76710152626038 98.553577125072479 271.25449386239052 693.18363353610039 13.904320091009138 6249.8342652916908
leaf_count=13995 653 15839 1591 30 137 2341 99009 6931 137 31171 960 2737 2837 315 791 102938 1503 427 252 1108 1925 42 17306
internal_value=-0.000145225 0.0483813 -0.126072 -0.0158959 0.0717906 0.0602615 0.064458 -0.0296145 -0.132654 -0.0160687 -0.00540117 -0.0566292 -0.140051 0.00094057 -0.139658 -0.140845 0.14863 0.141954 0.071548 -0.155731 0.150703 0.141326 0.143425
internal_weight=87839.2 63405.9 24433.3 16927.3 46478.6 39920.8 39160.6 15625.2 23846.7 13913.7 1310.12 1032.79 22536.6 126.174 1711.55 22410.4 1302.06 6557.83 135.229 760.146 1294.61 586.56 6422.6
internal_count=304975 192765 112210 58190 134575 116453 113004 54732 110577 47010 4350 3697 106227 452 7722 105775 3458 18122 389 3449 3428 1633 17733
is_linear=0
shrinkage=0.1


Tree=6
num_leaves=24
num_cat=0
split_feature=3 15 14 14 14 6 15 6 1 2 4 12 13 4 6 14 6 3 12 12 2 0 12
split_gain=45797.8 7952.97 3713.56 3497.83 3247.36 3036.22 2443.99 2030.51 2024.33 1571.28 1060.92 679.612 221.101 277.972 151.67 149.33 63.1583 198.253 13.4101 2.96118 2.37382 37.9912 0.684967
threshold=46.500000000000007 66.000000000000014 88.000000000000014 80.000000000000014 96.000000000000014 222.50000000000003 25.500000000000004 34.500000000000007 34.500000000000007 516.50000000000011 2.5000000000000004 31825.000000000004 37225.000000000007 3.5000000000000004 41.500000000000007 92.000000000000014 4.5000000000000009 21.500000000000004 26225.000000000004 72125.000000000015 2348.5000000000005 155137.50000000003 26225.000000000004
decision_type=2 2 2 2 2 2 2 2 2 2 2 2 2 2 2 2 2 2 2 2 2 2 2
left_child=1 3 7 5 8 6 -1 10 9 -3 -2 -12 13 -9 -14 -10 17 -5 -7 -4 21 -6 -18
right_child=2 4 19 16 20 18 -8 12 15 -11 11 -13 14 -15 -16 -17 22 -19 -20 -21 -22 -23 -24
leaf_value=0.1359567379780996 0.17058965786929006 0.028827034910507216 0.13686744932989253 -0.12688816594704092 -0.027556612464196242 -0.13637964694281351 0.050733115933649021 0.16206392494637867 -0.14349752626593285 -0.040665677724487162 -0.083426875680349483 0.15775900558421613 -0.091528513265542816 -0.13963466305669642 -0.13657033522112352 -0.050360599230744908 0.14985876512805751 0.14351386332678587 -0.16683162006210095 0.078754615898152538 0.15138107008038398 0.14040356320851641 0.13724054842461716
leaf_weight=3724.2227100431919 270.91479995846748 5215.2010872364044 538.56666895747185 37.057141274213791 13.367446154356001 459.62160159647465 34844.557267099619 56.131020218133926 1433.7043829858303 8647.3505372256041 886.01241551339626 133.61407120525837 784.79456752538681 64.610966965556145 20339.898860394955 197.22853299975395 165.52183800935745 94.033625304698944 263.70481012761593 13.585809856653212 326.80860912799835 893.48785084486008 5878.6636339128017
leaf_count=10313 653 16024 1591 137 44 2341 102691 137 6931 30986 3364 333 3337 315 102438 791 427 252 1108 42 856 2558 17306
internal_value=-0.000182094 0.0444669 -0.120454 0.066156 -0.0144885 0.0551576 0.0589657 -0.126732 -0.0269246 -0.0145218 -0.00493847 -0.0516977 -0.13413 0.000799331 -0.134901 -0.132272 0.136116 0.0666939 -0.147697 0.135583 0.141591 0.1379 0.137611
internal_weight=85282.7 62194.5 23088.1 45467.4 16727.1 39292.1 38568.8 22536 15493.5 13862.6 1290.54 1019.63 21245.4 120.742 21124.7 1630.93 6175.28 131.091 723.326 552.152 1233.66 906.855 6044.19
internal_count=304975 192765 112210 134575 58190 116453 113004 110577 54732 47010 4350 3697 106227 452 105775 7722 18122 389 3449 1633 3458 2602 17733
is_linear=0
shrinkage=0.1


Tree=7
num_leaves=24
num_cat=0
split_feature=3 15 12 6 14 14 8 13 15 6 6 6 2 1 4 2 3 6 6 13 1 12 6
split_gain=39256.7 6638.13 3280.24 3413.57 3222.49 2776.9 2679.28 3623.4 1978.39 1847.98 1830.83 1806.8 1405.33 928.842 889.63 619.157 208.194 356.403 76.6423 63.8716 4.19478 3.12618 1.11768
threshold=46.500000000000007 66.000000000000014 26225.000000000004 98.500000000000014 88.000000000000014 96.000000000000014 3.5000000000000004 28475.000000000004 46.000000000000007 34.500000000000007 120.50000000000001 222.50000000000003 516.50000000000011 17.500000000000004 2.5000000000000004 508.50000000000006 48.500000000000007 48.500000000000007 15.500000000000002 37825.000000000007 34.500000000000007 72125.000000000015 101.50000000000001
decision_type=2 2 2 2 2 2 2 2 2 2 2 2 2 2 2 2 2 2 2 2 2 2 2
left_child=1 2 3 8 9 10 11 -8 -1 14 12 -4 -3 -5 -2 -16 17 -11 -7 -18 -12 -6 -20
right_child=4 5 6 13 21 18 7 -9 -10 16 20 -13 -14 -15 15 -17 19 -19 22 -21 -22 -23 -24
leaf_value=0.080440851743875566 0.15951602257481429 0.027443844578963639 0.11374853028968995 -0.15666971465671364 0.13212144745403381 -0.167981669229405 0.062565119657186571 -0.16402829168563846 0.018521424117117071 0.018725769839893113 -0.14976728437137218 -0.15704844780667032 -0.038120988462867045 0.14522311922320205 0.066636333328016342 -0.10134967763817999 -0.032860518731361331 -0.11600505449224965 0.14205946780725487 -0.13210844400294772 -0.1341347420681043 0.073104539905251772 0.13167741235138272
leaf_weight=8672.5695352554321 261.30346140265465 5168.4130363166332 15863.260794565082 1100.9946119040251 503.93878367543221 7.4494567662477484 4869.9327791631222 824.29159283638 12740.490424454212 245.13480710983276 337.22726185619831 249.44529323279858 8892.7021994590759 111.52120506763458 322.73625063896179 680.60796445608139 65.844520524144173 980.24837897717953 679.24573594331741 18637.138868197799 955.75105918943882 13.266534894704817 474.82545405626297
leaf_count=25025 653 15850 45809 5088 1591 30 15142 3343 38783 945 1540 1085 32252 300 960 2737 289 4852 1922 100141 5090 42 1506
internal_value=-0.000216476 0.0409143 0.0610345 0.0343574 -0.115681 -0.0132161 0.0887101 0.0297406 0.0436022 -0.121701 -0.0244972 0.109547 -0.0140212 -0.128806 -0.00447719 -0.0473027 -0.12914 -0.0890592 0.135801 -0.131761 -0.138325 0.130752 0.137906
internal_weight=82658.3 60948.1 44432.5 22625.6 21710.2 16515.6 21806.9 5694.22 21413.1 21193 15354.1 16112.7 14061.1 1212.52 1264.65 1003.34 19928.4 1225.38 1161.52 18703 1292.98 517.205 1154.07
internal_count=304975 192765 134575 69196 112210 58190 65379 18485 63808 110577 54732 46894 48102 5388 4350 3697 106227 5797 3458 100430 6630 1633 3428
is_linear=0
shrinkage=0.1


Tree=8
num_leaves=25
num_cat=0
split_feature=3 13 14 15 6 14 12 4 8 8 14 3 6 15 1 6 6 4 12 14 6 1 6 15
split_gain=33788.2 4747.45 3957.59 3116.75 2976.4 2565.21 2467.72 1890.21 1603.94 1530.11 2989.55 1931.4 1274.13 1036.83 1007.74 415.234 292.264 222.869 194.791 159.476 115.618 57.5533 41.5335 14.3992
threshold=37.500000000000007 45225.000000000007 72.000000000000014 25.500000000000004 213.50000000000003 96.000000000000014 70375.000000000015 5.5000000000000009 2.5000000000000004 3.5000000000000004 84.000000000000014 26.500000000000004 31.500000000000004 75.000000000000014 1.5000000000000002 10.500000000000002 27.500000000000004 4.5000000000000009 4750.0000000000009 92.000000000000014 37.500000000000007 5.5000000000000009 222.50000000000003 23.500000000000004
decision_type=2 2 2 2 2 2 2 2 2 2 2 2 2 2 2 2 2 2 2 2 2 2 2 2
left_child=2 5 3 18 6 7 -5 8 -2 14 11 -11 16 -12 -4 -16 -3 -18 23 20 -14 -9 -6 -1
right_child=1 12 9 4 22 -7 -8 21 -10 10 13 -13 19 -15 15 -17 17 -19 -20 -21 -22 -23 -24 -25
leaf_value=0.019195792852218466 -0.13034459991530478 -0.16386174201212972 -0.20671921709504382 0.022543843665261146 -0.21387798297475805 0.12804765969305365 0.14921591270052811 0.12178122956425141 -0.0076321327190993042 -0.25184470195093422 0.13104839748158803 0.063516404151259531 -0.066839085710836715 -0.095907123922700857 0.088646946604095944 0.13314274271215906 0.160388290468374 -0.14468269712152421 0.13494061161296261 0.12314700191487885 -0.12843117481091601 -0.14187136966817745 -0.13338724460255591 0.070023224205339893
leaf_weight=67.102195054292679 1290.829590305686 39.218145117163658 95.5283322930336 34748.817963853478 70.74839448928833 862.32387232780457 1608.192409157753 7.6031046956777564 6071.0366945713758 500.85299283266068 1535.6960524916649 316.24466690421104 313.99532601237297 230.89767672121525 3163.6149473190308 6279.7904302328825 218.23388069868088 26.102222099900246 2818.5775064527988 24.726572185754776 16354.747297435999 1903.6623173803091 1029.0584989190102 357.23428604006767
leaf_count=234 6277 163 382 109033 306 2927 4232 20 22427 2111 4950 942 1328 872 9325 19197 561 120 8546 84 94886 9203 5679 1170
internal_value=-0.000247835 -0.0909943 0.046331 0.031391 0.0232467 -0.0368322 0.0281509 -0.0521768 -0.0291633 0.0964829 0.0282054 -0.129861 -0.123325 0.101347 0.114972 0.118247 0.0866306 0.127341 0.125425 -0.126897 -0.127275 -0.140759 -0.138755 0.0620497
internal_weight=79934.8 27112.5 52822.4 40699.7 37456.8 10135.5 36357 9273.13 7361.87 12122.6 2583.69 817.098 16977 1766.59 9538.93 9443.41 283.554 244.336 3242.91 16693.5 16668.7 1911.27 1099.81 424.336
internal_count=304975 137996 166979 129200 119250 40854 113265 37927 28704 37779 8875 3053 97142 5822 28904 28522 844 681 9950 96298 96214 9223 5985 1404
is_linear=0
shrinkage=0.1


Tree=9
num_leaves=24
num_cat=0
split_feature=3 15 14 14 14 15 15 1 6 12 12 6 4 13 4 3 6 0 6 3 0 12 0
split_gain=29235.8 4967.49 3013.17 2550.54 2136.06 2122.04 2750.57 1589.56 1570.35 1214.95 693.125 643.023 623.891 230.042 210.604 108.34 71.069 68.9771 64.6575 175.361 9.52959 3.28182 0.527987
threshold=46.500000000000007 66.000000000000014 80.000000000000014 88.000000000000014 96.000000000000014 31.000000000000004 35.000000000000007 38.500000000000007 37.500000000000007 26025.000000000004 32075.000000000004 16.500000000000004 2.5000000000000004 37225.000000000007 5.5000000000000009 47.500000000000007 15.500000000000002 181687.50000000003 4.5000000000000009 21.500000000000004 208912.50000000003 72125.000000000015 95362.500000000015
decision_type=2 2 2 2 2 2 2 2 2 2 2 2 2 2 2 2 2 2 2 2 2 2 2
left_child=1 2 5 8 7 11 -7 9 10 -3 12 -1 -2 14 -10 -15 -6 -12 19 -4 -9 -5 -20
right_child=3 4 18 21 16 6 -8 20 13 -11 17 -13 -14 15 -16 -17 -18 -19 22 -21 -22 -23 -24
leaf_value=0.046854116200125945 0.08647633663832073 -0.039808541428707989 -0.12749985425665636 0.12602557607613241 -0.16522394608708424 -0.061196498512759184 0.042972702165051613 -0.16717961894046601 0.158099044240154 0.019523514248454381 0.13227362212770147 0.1322804603763594 -0.074401663309398375 -0.078688669159308 -0.1251456789482342 -0.12452168088822112 0.12956789143736303 0.27684768540725779 0.07557347657023368 0.13136498432340191 -0.12942933312546798 0.064727050275244349 0.1264271436807565
leaf_weight=1225.9156969487667 312.67720256745815 7459.6768521517515 36.946530386805534 447.96428576111794 7.4335668236017218 2767.7811363786459 30009.015856355429 84.149854198098183 55.295154213905334 6421.2404048293829 80.204303309321404 3145.8430505990982 1041.1825184226036 539.11552332341671 48.216874167323112 16457.187941595912 1016.5249858796597 59.956183761358261 7.2288925051689139 83.727207124233246 1117.4325605779886 12.231698825955389 5007.4579058289528
leaf_count=3986 950 26657 137 1591 30 9734 92724 350 137 21369 220 10009 4247 2714 284 101870 3428 155 22 252 6356 42 17711
internal_value=-0.000266524 0.0348319 0.0528331 -0.10782 -0.0124267 0.0429056 0.0341747 -0.0219185 -0.113578 -0.0123624 -0.0152491 0.108342 -0.0372101 -0.122167 0.026226 -0.123073 0.127269 0.195641 0.124625 0.0517122 -0.13221 0.12454 0.126369
internal_weight=77444.4 58390.4 42283.9 19054 16106.5 37148.6 32776.8 15082.5 18593.8 13880.9 1494.02 4371.76 1353.86 17099.8 103.512 16996.3 1023.96 140.16 5135.36 120.674 1201.58 460.196 5014.69
internal_count=304975 192765 134575 112210 58190 116453 102458 54732 110577 48026 5572 13995 5197 105005 421 104584 3458 375 18122 389 6706 1633 17733
is_linear=0
shrinkage=0.1


Tree=10
num_leaves=23
num_cat=0
split_feature=3 15 7 12 12 15 14 3 12 13 7 8 6 14 15 4 2 13 1 6 14 15
split_gain=25291.7 4806.38 3156.66 3433.48 3371.14 2538.33 1815.94 1799.61 1613.48 3659.37 2260.15 1908.55 1440.33 1372.66 1098.01 538.814 551.057 152.883 133.013 61.2393 15.3539 11.5958
threshold=47.500000000000007 46.000000000000007 145.50000000000003 26025.000000000004 70375.000000000015 66.000000000000014 92.000000000000014 27.500000000000004 43875.000000000007 24125.000000000004 115.50000000000001 3.5000000000000004 34.500000000000007 100.00000000000001 95.500000000000014 2.5000000000000004 508.50000000000006 37225.000000000007 23.500000000000004 41.500000000000007 80.000000000000014 35.000000000000007
decision_type=2 2 2 2 2 2 2 2 2 2 2 2 2 2 2 2 2 2 2 2 2 2
left_child=1 8 3 7 13 -5 12 -3 9 10 -1 -11 15 -4 -6 -2 -17 18 -14 -19 21 -10
right_child=6 2 4 5 14 -7 -8 -9 20 11 -12 -13 17 -15 -16 16 -18 19 -20 -21 -22 -23
leaf_value=0.082097940696175251 0.14535069135968168 0.011684988535377782 -0.17102266737399202 0.099859673546132621 0.11746955962746464 0.017058044617402571 0.12256829983510019 -0.05409898218607772 0.12517192975596392 0.14444509924014992 -0.026589149755673527 -0.28352190047641146 -0.12133531680027956 0.12101038548814412 -0.12215221776383761 0.080943483464222685 -0.091226791127090714 -0.088432033526495188 0.14754874911100535 -0.12202580324927559 0.12241512547469598 0.14187356881356641
leaf_weight=13559.761782690883 206.66256248950958 13996.52215154469 2157.1636520773172 6931.5026859492064 847.43232181668282 7946.7296005636454 334.58577182888985 5915.1470126956701 683.74233701825142 134.17787328362465 2227.0884646177292 457.39092814922333 32.94298928976059 173.22856146097183 245.98795111477375 276.33662864565849 563.22643002867699 576.07022804021835 39.211084246635437 14908.115001693368 1225.0587186813354 1638.0088791251183
leaf_count=42669 567 43676 10977 21880 2871 27921 1274 21838 2407 365 8349 2015 207 688 1660 821 2407 2893 102 100045 4755 4588
internal_value=-0.000285364 0.0310423 0.0102797 0.0192968 -0.0813232 0.055638 -0.107817 -0.00785915 0.0708594 0.0576107 0.0667645 -0.186372 -0.112467 -0.149272 0.0634992 0.00110762 -0.0345292 -0.120105 0.0248053 -0.120782 0.132006 0.137011
internal_weight=75076.1 58138.9 38213.7 34789.9 3423.81 14878.2 16937.2 19911.7 19925.2 16378.4 15786.9 591.569 16602.6 2330.39 1093.42 1046.23 839.563 15556.3 72.1541 15484.2 3546.81 2321.75
internal_count=304975 196659 131511 115315 16196 49801 108316 65514 65148 53398 51018 2380 107042 11665 4531 3795 3228 103247 309 102938 11750 6995
is_linear=0
shrinkage=0.1


Tree=11
num_leaves=24
num_cat=0
split_feature=3 15 0 12 12 15 14 12 13 7 3 8 6 14 15 4 2 13 4 6 12 0 14
split_gain=21994 4111.06 2688.92 2979.86 2445.87 1998.94 1599.23 1523.99 2923.27 1907.02 1458.18 1427.4 1332.34 1040.52 857.246 462.64 457.407 139.402 174.454 69.2437 14.5604 45.8831 10.3217
threshold=47.500000000000007 46.000000000000007 349162.50000000006 26025.000000000004 70375.000000000015 66.000000000000014 92.000000000000014 43025.000000000007 24125.000000000004 115.50000000000001 27.500000000000004 3.5000000000000004 34.500000000000007 100.00000000000001 95.500000000000014 2.5000000000000004 508.50000000000006 37825.000000000007 3.5000000000000004 41.500000000000007 44375.000000000007 416662.50000000006 80.000000000000014
decision_type=2 2 2 2 2 2 2 2 2 2 2 2 2 2 2 2 2 2 2 2 2 2 2
left_child=1 7 3 10 13 -5 12 8 9 -1 -3 -10 15 -4 -6 -2 -17 18 -14 -19 21 -9 -22
right_child=6 2 4 5 14 -7 -8 20 11 -11 -12 -13 17 -15 -16 16 -18 19 -20 -21 22 -23 -24
leaf_value=0.076402495277873989 0.13918307302541222 0.010539826723641661 -0.144632119455991 0.093764960557049706 0.098752783716168968 0.018642381404435412 0.1198063906714668 0.12038786795689033 0.13832924018906573 -0.023912676191233537 -0.048860928931529081 -0.23753961269909651 0.15514920274726895 0.11849371316149385 -0.11954578207760302 0.073273992587490303 -0.084592288294326246 -0.083119607577443466 -0.11961180793512433 -0.11954373956771486 0.13259115218570566 -0.033331690163164597 0.11981732884553223
leaf_weight=13024.177032798529 194.8883410692215 13967.25194208324 2328.692116856575 6506.1409615278244 849.98308536410332 7774.8335299938917 309.38592068850994 103.7467827796936 126.53642311692238 2217.2368131577969 5868.096105158329 489.46253618597984 41.513812065124512 159.92092004418373 227.20181904733181 274.91086241602898 547.56953054666519 552.8909484744072 49.628829404711723 13745.153867214918 2162.2556754052639 23.375037491321564 1108.6184370219707
leaf_count=42385 567 43676 12108 21514 3136 26946 1274 416 365 8267 21783 2015 113 688 1660 821 2407 2893 337 99904 6951 90 4659
internal_value=-0.000292392 0.0286144 0.00940558 0.0180423 -0.0732096 0.052871 -0.105014 0.0662028 0.0531737 0.0618086 -0.00703489 -0.160231 -0.109536 -0.127683 0.0526407 0.00105726 -0.0318012 -0.117355 0.00586241 -0.118141 0.126972 0.0920825 0.1283
internal_weight=72653.5 56937.5 37682.1 34116.3 3565.8 14281 15715.9 19255.4 15857.4 15241.4 19835.3 615.999 15406.6 2488.61 1077.18 1017.37 822.48 14389.2 91.1426 14298 3398 127.122 3270.87
internal_count=304975 196659 131511 113919 17592 48460 108316 65148 53032 50652 65459 2380 107042 12796 4796 3795 3228 103247 450 102797 12116 506 11610
is_linear=0
shrinkage=0.1


Tree=12
num_leaves=24
num_cat=0
split_feature=3 15 7 12 12 15 12 13 7 14 6 3 8 14 15 6 6 13 4 6 12 0 14
split_gain=19170.4 3522.7 2294.47 2502.88 2391.72 2013.62 1444.53 2394.42 1636.38 1411.65 1236.02 1205.71 1193.05 999.771 830.138 411.455 605.3 124.784 152.176 76.8652 13.7904 42.1188 6.68372
threshold=47.500000000000007 46.000000000000007 145.50000000000003 70375.000000000015 26025.000000000004 66.000000000000014 43025.000000000007 23725.000000000004 115.50000000000001 92.000000000000014 34.500000000000007 28.500000000000004 3.5000000000000004 100.00000000000001 95.500000000000014 27.500000000000004 28.500000000000004 37825.000000000007 3.5000000000000004 41.500000000000007 44375.000000000007 416662.50000000006 80.000000000000014
decision_type=2 2 2 2 2 2 2 2 2 2 2 2 2 2 2 2 2 2 2 2 2 2 2
left_child=1 6 4 13 11 -6 7 8 -1 10 15 -3 -9 -4 -5 -2 -17 18 -12 -19 21 -8 -22
right_child=9 2 3 14 5 -7 20 12 -10 -11 17 -13 -14 -15 -16 16 -18 19 -20 -21 22 -23 -24
leaf_value=0.071579351080126349 -0.14918281698398858 0.0086315538454256515 -0.15311244305017885 0.10696441729086802 0.089253880453870435 0.013705479653078462 0.11787833130400277 0.13339213206181785 -0.021420327244077303 0.11739516197786511 0.14791029612536205 -0.046923330821843807 -0.20591559987219854 0.11629589042618416 -0.11727310477967645 0.16867149344451432 -0.023019597198031483 -0.078133111458114898 -0.11699626691993964 -0.11728463893816621 0.12858493349729325 -0.02965970269984651 0.11756064686811291
leaf_weight=12553.461263954639 153.00135159492493 14421.857736051083 1982.3039599061012 767.49789276719093 6348.6780365854502 7940.0401114672422 95.789513379335403 128.59762695431709 2227.2542544007301 285.41668707132339 39.351202219724655 5356.8334469944239 520.27729575335979 147.31405700743198 209.3776288330555 224.56687399744987 610.05124515295029 530.60481655597687 45.879368975758553 12664.347194388509 2014.3002175986767 23.745040953159332 1021.3994816839695
leaf_count=42285 724 45319 10977 2871 21880 27921 416 395 8267 1274 113 20195 2085 688 1660 587 2484 2893 337 99904 6951 90 4659
internal_value=-0.000302138 0.0263744 0.0086016 -0.0736574 0.0161045 0.0472766 0.0619217 0.0493084 0.0575651 -0.102504 -0.106911 -0.00641647 -0.138568 -0.134431 0.0588319 0.00101778 0.028698 -0.114937 0.00560877 -0.115716 0.123567 0.0885676 0.124916
internal_weight=70311.9 55758.7 37173.9 3106.49 34067.4 14288.7 18584.8 15429.6 14780.7 14553.2 14267.8 19778.7 648.875 2129.62 976.876 987.619 834.618 13280.2 85.2306 13195 3155.23 119.535 3035.7
internal_count=304975 196659 131511 16196 115315 49801 65148 53032 50552 108316 107042 65514 2480 11665 4531 3795 3071 103247 450 102797 12116 506 11610
is_linear=0
shrinkage=0.1


Tree=13
num_leaves=24
num_cat=0
split_feature=13 15 14 0 8 3 14 12 13 6 8 6 1 6 14 4 15 6 15 12 0 0 14
split_gain=16750.9 3311.98 2086.19 2025.14 2065.73 1817.29 1810.68 1371.45 1978.55 1422.82 965.948 944.401 934.22 837.38 308.568 287.807 273.403 137.324 658.511 13.2579 38.8151 4.51563 4.2458
threshold=44475.000000000007 46.000000000000007 64.000000000000014 337387.50000000006 3.5000000000000004 36.500000000000007 96.000000000000014 43025.000000000007 23725.000000000004 132.50000000000003 3.5000000000000004 163.50000000000003 111.50000000000001 31.500000000000004 92.000000000000014 4.5000000000000009 99.500000000000014 37.500000000000007 117.00000000000001 44375.000000000007 416662.50000000006 162112.50000000003 80.000000000000014
decision_type=2 2 2 2 2 2 2 2 2 2 2 2 2 2 2 2 2 2 2 2 2 2 2
left_child=1 7 3 4 -3 11 -7 8 9 -1 -10 -4 -5 15 17 16 -2 18 -15 20 -9 -18 -21
right_child=13 2 5 12 -6 6 -8 19 10 -11 -12 -13 -14 14 -16 -17 21 -19 -20 22 -22 -23 -24
leaf_value=0.065202013751765278 -0.14340768649404237 -0.018390643672935834 0.050526067501297747 -0.14808757139826598 0.094889826125043195 -0.071518046545417199 0.11789341392827 0.11567720903594921 0.12906960246202803 -0.030607821649504874 -0.1846147267622901 -0.06264374087425105 0.12848014631921531 0.20291099787718619 0.11369938810837948 -0.13888674077365867 0.17347376454336724 -0.11544868457540054 -0.13655305955466651 0.12516513227576162 -0.026445756427842165 0.13627259807243214 0.11559239154156527
leaf_weight=12597.673149585724 35.74583175778389 16388.746225327253 14379.43105982244 1456.5603381246328 1784.1065212786198 2736.7185490503907 617.81893801689148 88.256285786628723 120.08531701564789 1766.8386846184731 522.18484349548817 776.41483601182699 132.55028367042542 77.199505090713501 59.23292076587677 58.053358912467957 90.742615342140198 11220.716686420143 211.48558089137077 1869.8515129238367 24.070915222167969 107.4532385468483 939.14260107278824
leaf_count=43903 167 57756 48118 9077 5042 13476 2834 416 395 6649 2085 3777 439 229 296 302 223 96615 1136 6951 90 340 4659
internal_value=-0.000314292 0.0224766 0.00586119 -0.0167342 -0.00726481 0.029984 -0.0366086 0.0579444 0.0457356 0.0534161 -0.125856 0.0447248 -0.124952 -0.1083 -0.112521 0.0587818 0.108216 -0.113695 -0.0453873 0.120623 0.0852567 0.15409 0.122007
internal_weight=68061.1 56200.5 38272.3 19762 18172.9 18510.4 3354.54 17928.1 15006.8 14364.5 642.27 15155.8 1589.11 11860.6 11568.6 291.995 233.942 11509.4 288.685 2921.32 112.327 198.196 2808.99
internal_count=304975 205667 140519 72314 62798 68205 16310 65148 53032 50552 2480 51895 9516 99308 98276 1032 730 97980 1365 12116 506 563 11610
is_linear=0
shrinkage=0.1


Tree=14
num_leaves=23
num_cat=0
split_feature=13 15 14 14 15 8 4 3 6 14 4 15 12 6 15 6 3 6 3 12 0 6
split_gain=14729.6 2900.16 2580.74 1793.45 1743.82 1911.68 1092.65 1017.29 750.723 274.998 248.729 235.637 230.343 131.608 558.897 68.2652 156.701 64.3602 56.2196 3.23926 2.24196 1.36269
threshold=44475.000000000007 66.000000000000014 80.000000000000014 96.000000000000014 25.500000000000004 3.5000000000000004 6.5000000000000009 25.500000000000004 31.500000000000004 92.000000000000014 4.5000000000000009 99.500000000000014 4750.0000000000009 37.500000000000007 117.00000000000001 4.5000000000000009 21.500000000000004 15.500000000000002 37.500000000000007 23775.000000000004 162112.50000000003 101.50000000000001
decision_type=2 2 2 2 2 2 2 2 2 2 2 2 2 2 2 2 2 2 2 2 2 2
left_child=1 2 4 6 12 -6 7 -3 10 13 11 -2 -1 14 -10 16 -4 -5 -8 -17 -13 -19
right_child=8 3 15 17 5 -7 18 -9 9 -11 -12 20 -14 -15 -16 19 -18 21 -20 -21 -22 -23
leaf_value=0.032052446750123254 -0.13714617554164962 0.038320460688520401 -0.13044646313291922 -0.16027425346303259 0.031097158730653458 -0.040843377627130563 -0.19513952474664145 -0.027288540379172256 0.18471386727495684 0.11188666300875053 -0.1337516988646183 0.16216840766632601 0.12078933804461543 -0.11374155327010611 -0.13203873235757579 0.014973354384965071 0.12168983588300608 0.12571317681860303 -0.12979988936390385 0.1169736901869316 0.1317266143714983 0.11492833022613508
leaf_weight=340.20420116186142 33.786546632647514 2874.3561780750751 36.52141897380352 7.3919867724180213 26887.965316094458 4281.0969017744064 230.97494311630726 13271.488843098283 76.456747561693192 54.435328423976898 54.47661329805851 87.590464770793915 2125.3463863581419 10297.484133906662 197.59373940527439 3.4315237402915946 71.017836704850197 525.55878709256649 336.17578712850809 3685.3388620465994 100.44095261394978 448.963822260499
leaf_count=1404 167 9587 137 30 90310 15856 938 54152 229 296 302 223 8909 96615 1136 12 252 1922 2119 17721 340 2318
internal_value=-0.00033044 0.0206745 0.0364446 -0.0126849 0.0276211 0.0212151 -0.0204041 -0.0156069 -0.106531 -0.110763 0.0560347 0.103036 0.108563 -0.11192 -0.0433183 0.114592 0.0356489 0.11859 -0.156706 0.116883 0.14669 0.120867
internal_weight=66028.1 55125.8 37430.9 17694.9 33634.6 31169.1 16713 16145.8 10902.3 10626 276.295 221.818 2465.55 10571.5 274.05 3796.31 107.539 981.915 567.151 3688.77 188.031 974.523
internal_count=304975 205667 134601 71066 116479 106166 66796 63739 99308 98276 1032 730 10313 97980 1365 18122 389 4270 3057 17733 563 4240
is_linear=0
shrinkage=0.1


Tree=15
num_leaves=25
num_cat=0
split_feature=13 15 14 0 0 15 14 12 7 1 13 12 1 6 12 14 6 4 3 4 6 15 15 14
split_gain=12978 2555.33 1651.18 1766.44 1803.62 1403.91 1515.65 1297.04 1565.03 1368.92 1256.43 1225.08 796.967 676.802 327.687 249.685 189.38 171.693 100.473 55.9415 33.4454 3.61818 2.68492 2.01366
threshold=44475.000000000007 46.000000000000007 64.000000000000014 337387.50000000006 215587.50000000003 60.000000000000007 96.000000000000014 43875.000000000007 113.50000000000001 17.500000000000004 22675.000000000004 4750.0000000000009 111.50000000000001 37.500000000000007 31825.000000000004 92.000000000000014 31.500000000000004 4.5000000000000009 51.500000000000007 4.5000000000000009 34.500000000000007 35.000000000000007 31.000000000000004 80.000000000000014
decision_type=2 2 2 2 2 2 2 2 2 2 2 2 2 2 2 2 2 2 2 2 2 2 2 2
left_child=1 7 3 4 -3 10 -7 8 11 -10 -4 -1 -5 14 16 -15 17 -2 -18 20 -16 22 -9 -23
right_child=13 2 5 12 -6 6 -8 21 9 -11 -12 -13 -14 15 19 -17 18 -19 -20 -21 -22 23 -24 -25
leaf_value=-0.050013000286721759 0.084461602531721386 -0.018031293969794644 0.024643668531962499 -0.14306099196901798 0.08420618231269901 -0.021287050253005146 0.11619596159344264 0.11313721648740621 -0.15542609042877878 0.012785954600055377 0.098356779934867258 0.064502929947415077 0.12408016939488105 -0.11223853250917977 0.13358733780107987 0.11026063121130353 0.11412239374798423 -0.12868631913442885 -0.12820135872498634 -0.11297636784882539 0.26252198273094829 0.12390525302740196 0.066048315224699811 0.11195495806877472
leaf_weight=1020.9972124099731 150.80023309588432 16132.234714716673 6442.2609416693449 1349.9927553609014 1931.2015197873116 6924.5896236672997 905.86300604045391 930.12814544141293 665.70617447793484 1763.0019788146019 3606.8459437340498 10902.386929959059 120.98257195949554 9435.9261211827397 83.745590090751648 49.958299458026886 18.108381003141403 49.356569468975067 181.78657384216785 6.8728626370429984 28.3613001704216 1227.3643967360258 17.142486333847046 304.23889029026031
leaf_count=4056 543 56343 22923 9077 6455 27756 4270 5253 3046 6179 13256 40117 439 96615 267 296 61 295 1117 43 71 4588 96 1813
internal_value=-0.000327671 0.0189745 0.00441672 -0.0156812 -0.00709681 0.0263745 -0.00536957 0.051333 0.0397906 -0.0333658 0.0511081 0.0546936 -0.12102 -0.104972 0.00620688 -0.111055 -0.0371815 0.0315231 -0.105791 0.151188 0.168238 0.118118 0.112356 0.121606
internal_weight=64249.9 54244.9 37414 19534.4 18063.4 17879.6 7830.45 16831 14352.1 2428.71 10049.1 11923.4 1470.98 10004.9 519.032 9485.88 400.052 200.157 199.895 118.98 112.107 2478.87 947.271 1531.6
internal_count=304975 205667 140519 72314 62798 68205 32026 65148 53398 9225 36179 44173 9516 99308 2397 96911 2016 838 1178 381 338 11750 5349 6401
is_linear=0
shrinkage=0.1


Tree=16
num_leaves=24
num_cat=0
split_feature=13 15 14 8 3 8 13 12 3 6 12 14 12 6 4 3 4 6 15 3 12 3 6
split_gain=11453.2 2396.31 2081.8 1663.53 1535.8 2656.43 2339.56 1420.71 931.706 624.059 278.155 223.459 206.188 165.82 146.515 88.5436 47.6326 17.7515 15.2551 6.61577 1.10271 0.213852 0.194513
threshold=44475.000000000007 25.500000000000004 72.000000000000014 3.5000000000000004 26.500000000000004 2.5000000000000004 15925.000000000002 31275.000000000004 39.500000000000007 37.500000000000007 31825.000000000004 92.000000000000014 4750.0000000000009 31.500000000000004 4.5000000000000009 51.500000000000007 4.5000000000000009 34.500000000000007 23.500000000000004 3.5000000000000004 43875.000000000007 3.5000000000000004 38.500000000000007
decision_type=2 2 2 2 2 2 2 2 2 2 2 2 2 2 2 2 2 2 2 2 2 2 2
left_child=1 12 4 8 6 -6 -3 -5 -4 10 13 22 18 14 -2 -15 17 -12 19 -1 -14 -20 -11
right_child=9 2 3 7 5 -7 -8 -9 -10 11 16 -13 20 15 -16 -17 -18 -19 21 -21 -22 -23 -24
leaf_value=0.01015572035422278 0.077721609307914011 -0.009980952591920611 0.090206268539067644 -0.15444125809593112 -0.12954605085103105 -0.0064913447401158996 0.05049818663631981 0.023450256017653201 -0.02032329573715742 -0.0915615287414447 0.12928490442129573 0.10879167804240059 0.11829295869131851 0.10699692158519053 -0.12496278345122787 -0.12484958884006794 -0.10945955496646172 0.22463524951799196 0.045769321746016341 -0.061598500206819611 0.11171037504208658 0.038302155808836356 -0.11098289044343466
leaf_weight=37.419450581073761 147.74126881361008 14463.570433013141 6554.8885411471128 571.4001085460186 2043.6497049108148 12354.216511659324 11466.052568987012 2080.7151945531368 862.66837204247713 36.93232885748148 78.198105961084366 45.796124368906021 1678.0386608839035 17.482535198330879 45.949667051434517 168.69972743093967 6.4388598203659049 29.900365382432938 165.30279175937176 18.393161594867706 851.82461987435818 122.848866507411 8598.0511329174042
leaf_count=153 543 50482 25968 2264 10839 48118 38350 10593 4715 291 267 296 7681 61 295 1117 43 71 669 81 5253 501 96324
internal_value=-0.000329553 0.0174444 0.0123786 0.0530495 0.00222217 -0.0239657 0.0167638 -0.0149204 0.0773506 -0.103516 0.00575333 -0.109739 0.106246 -0.0354867 0.0292435 -0.102624 0.141653 0.157476 0.0334841 -0.014159 0.116122 0.0427293 -0.11091
internal_weight=62446.2 53271 50397.2 10069.7 40327.5 14397.9 25929.6 2652.12 7417.56 9175.19 494.411 8680.78 2873.83 379.873 193.691 186.182 114.537 108.098 343.964 55.8126 2529.86 288.152 8634.98
internal_count=304975 205667 191329 43540 147789 58957 88832 12857 30683 99308 2397 96911 14338 2016 838 1178 381 338 1404 234 12934 1170 96615
is_linear=0
shrinkage=0.1


Tree=17
num_leaves=24
num_cat=0
split_feature=13 15 14 6 12 12 8 12 4 6 12 12 14 6 15 3 4 15 6 3 12 6 3
split_gain=10119.1 2161.69 1758.7 1527.15 2621.24 1805.49 1432.63 1105.29 865.699 575.735 238.332 204.784 200.273 145.626 130.798 78.3139 41.0686 12.9021 9.70409 5.20567 0.444665 0.421558 0.192318
threshold=44475.000000000007 25.500000000000004 72.000000000000014 80.500000000000014 77075.000000000015 28175.000000000004 3.5000000000000004 31275.000000000004 6.5000000000000009 37.500000000000007 31825.000000000004 4750.0000000000009 92.000000000000014 31.500000000000004 102.50000000000001 51.500000000000007 4.5000000000000009 23.500000000000004 34.500000000000007 3.5000000000000004 43875.000000000007 38.500000000000007 3.5000000000000004
decision_type=2 2 2 2 2 2 2 2 2 2 2 2 2 2 2 2 2 2 2 2 2 2 2
left_child=1 11 3 5 -5 -3 8 -8 -4 10 13 17 21 14 -2 -15 18 19 -12 -1 -13 -11 -19
right_child=9 2 6 4 -6 -7 7 -9 -10 12 16 20 -14 15 -16 -17 -18 22 -20 -21 -22 -23 -24
leaf_value=0.0092238987565247659 -0.13589086277386525 -5.9501989407940124e-05 0.10846275066325139 -0.057912001664146506 0.11917645066136487 0.059366454691414453 -0.13338891499155339 0.021258444831959156 0.038705058397972919 -0.08839588035195968 0.12558496863394641 0.11626273325589441 0.10745488232837762 0.10040419041638755 0.069390538254969741 -0.12193887999781142 -0.10623334586505201 0.042462289633758553 0.19904856176976995 -0.053775675655670166 0.11044893875271396 -0.10981660881031106 0.035367650980538005
leaf_weight=37.193155750632286 38.144226893782616 25685.552486456931 3467.883499071002 7078.0202684998512 946.80674009025097 6382.1452689990401 594.21274520456791 2066.6015323698521 3655.5123321339488 34.587415970861912 72.760909333825111 1543.5164404064417 41.939065530896187 16.86571404337883 149.30137872695923 156.12373946607113 6.0228193625807753 160.68606846034527 30.459500789642334 19.068746462464333 779.12502564489841 7858.2371243238449 119.97625900804996
leaf_count=153 201 89201 15915 32857 3844 21887 2264 10593 14768 291 267 7681 296 61 637 1117 43 669 71 81 5253 96324 501
internal_value=-0.000331304 0.0159676 0.0112824 0.00200562 -0.037006 0.011769 0.0492917 -0.0133145 0.0726757 -0.102206 0.00536167 0.103794 -0.108573 -0.033908 0.0271174 -0.0998089 0.13406 0.0308273 0.148965 -0.0126947 0.114361 -0.109734 0.0395658
internal_weight=60940.7 52536.3 49876.7 40092.5 8024.83 32067.7 9784.21 2660.81 7123.4 8404.44 469.678 2659.57 7934.76 360.435 187.446 172.989 109.243 336.924 103.22 56.2619 2322.64 7892.82 280.662
internal_count=304975 205667 191329 147789 36701 111088 43540 12857 30683 99308 2397 14338 96911 2016 838 1178 381 1404 338 234 12934 96615 1170
is_linear=0
shrinkage=0.1


Tree=18
num_leaves=22
num_cat=0
split_feature=3 15 14 8 6 1 14 3 6 14 1 15 4 12 15 13 4 6 15 3 3
split_gain=9001.25 1918.8 1296.47 1396.92 1338.28 1246.75 1100.55 912.839 644.935 586.577 393.749 373.313 213.226 203.582 87.4511 52.4571 123.15 43.3611 10.8884 4.11993 0.172068
threshold=49.500000000000007 25.500000000000004 72.000000000000014 3.5000000000000004 207.50000000000003 92.500000000000014 96.000000000000014 39.500000000000007 31.500000000000004 92.000000000000014 114.50000000000001 99.500000000000014 4.5000000000000009 4750.0000000000009 124.50000000000001 39125.000000000007 4.5000000000000009 37.500000000000007 23.500000000000004 3.5000000000000004 3.5000000000000004
decision_type=2 2 2 2 2 2 2 2 2 2 2 2 2 2 2 2 2 2 2 2 2
left_child=1 13 4 7 5 -3 -5 -4 11 15 -6 -2 14 18 -13 16 -10 -17 19 -1 -20
right_child=8 2 3 6 10 -7 -8 -9 9 -11 -12 12 -14 -15 -16 17 -18 -19 20 -21 -22
leaf_value=0.0083731737215745547 -0.13620172510353121 0.0031181999370659742 0.081379103470938685 -0.046145797514412779 -0.12688077577563886 0.11981194027677516 0.11317944842165464 -0.038672965785219296 0.20741852869297595 0.11527862783756648 0.1175541635691708 0.11771603033600631 -0.12686918185299476 0.11281234023164827 -0.14029449855642304 -0.070706618316388262 -0.11040475638516918 -0.1091642286497562 0.03933388756077958 -0.047200182412871668 0.032610260392797817
leaf_weight=36.987747758626938 112.6104512065649 37387.499593503773 6020.4659550189972 2249.1204845756292 950.37248902022839 937.5418514534831 536.03919893503189 707.22708436846733 16.962279736995697 119.88320568203926 70.039425939321518 273.41581746935844 44.88141980022192 2129.0763753652573 12.981498688459395 312.81694772839546 36.956091478466988 7374.4292729049921 156.42909291386604 19.658413961529732 117.33667467534542
leaf_count=153 618 132995 25968 11236 7579 3985 3146 3740 50 613 303 927 282 12934 58 1848 357 96932 669 81 501
internal_value=-0.000316279 0.015315 0.0109755 0.0441021 0.00296528 0.00597592 -0.015452 0.0687551 -0.0968951 -0.103516 -0.110004 0.0203348 0.0737955 0.101481 0.105574 -0.106919 -0.0084639 -0.107609 0.0283462 -0.0113972 0.0365813
internal_weight=59622.7 51317.8 48858.3 9512.85 39345.5 38325 2785.16 6727.69 8304.94 7861.05 1020.41 443.889 331.279 2459.49 286.397 7741.16 53.9184 7687.25 330.412 56.6462 273.766
internal_count=304975 203290 188952 44090 144862 136980 14382 29708 101685 99800 7882 1885 1267 14338 985 99187 407 98780 1404 234 1170
is_linear=0
shrinkage=0.1


Tree=19
num_leaves=25
num_cat=0
split_feature=3 15 7 12 15 12 8 13 13 15 14 4 14 4 15 6 14 15 6 4 13 6 0 13
split_gain=7949.26 1747.99 1456.84 1505.75 1445.83 1311.11 1160.67 2237.27 1464.06 1322.59 1059.1 863.994 839.763 619.905 595.783 587.45 524.241 322.753 270.003 183.213 86.6701 50.4603 259.57 51.2251
threshold=49.500000000000007 46.000000000000007 144.50000000000003 26025.000000000004 66.000000000000014 70375.000000000015 3.5000000000000004 16875.000000000004 16225.000000000002 40.000000000000007 72.000000000000014 6.5000000000000009 84.000000000000014 4.5000000000000009 88.500000000000014 31.500000000000004 92.000000000000014 99.500000000000014 293.50000000000006 4.5000000000000009 43225.000000000007 37.500000000000007 176212.50000000003 39575.000000000007
decision_type=2 2 2 2 2 2 2 2 2 2 2 2 2 2 2 2 2 2 2 2 2 2 2 2
left_child=1 6 3 13 -5 12 8 11 10 -9 -1 -8 -4 -3 -7 17 21 -2 -10 20 -19 22 -17 -23
right_child=15 2 5 4 -6 14 7 9 18 -11 -12 -13 -14 -15 -16 16 -18 19 -20 -21 -22 23 -24 -25
leaf_value=0.01680706111515206 -0.13166461843389168 -0.030024305517243034 -0.13352371970022864 0.07420147278566222 0.0068167726220825847 0.11814191220610662 0.090960172458551758 -0.23775237733733257 0.10884473471806577 -0.02481804997209764 0.11267430660458354 -0.16193429204998966 0.1093772279069847 0.0058492654771731822 -0.059322684282351969 -0.12743182360451452 0.11346079941385033 0.01777250757530368 -0.11771398476238577 -0.12338297805029497 0.13815464158820875 -0.018469505744974728 0.07106415579604089 -0.1082890075695055
leaf_weight=7248.3435629531741 105.25503027439117 8644.4121204614639 1745.2385044135153 5282.9853781014681 8013.1428430080414 434.16949020326138 1308.8908852338791 527.78202424943447 3865.6908580362797 651.1753488779068 1369.3538843020797 149.70923981070518 154.22098056972027 10877.220748834312 333.82293995469809 209.5852725058794 110.13866926729679 88.499262973666191 52.5519730001688 41.725254468619823 185.59129983186722 64.559499442577362 95.102259121835232 6716.209110930562
leaf_count=28949 618 30335 12129 21847 30451 2028 5735 2568 15568 2345 8867 724 1121 36775 3456 1383 613 313 392 282 672 525 465 96814
internal_value=-0.000310976 0.0140107 0.00186353 0.00764097 0.0335945 -0.0691927 0.0424164 -0.0178742 0.0551019 -0.120263 0.0320517 0.0649102 -0.113755 -0.0100367 0.0410266 -0.0955541 -0.102272 0.0192088 0.105777 0.0697488 0.0994912 -0.10564 -0.0654454 -0.107437
internal_weight=58275.4 50658.7 35485.2 32817.8 13296.1 2667.45 15173.5 2637.56 12535.9 1178.96 8617.7 1458.6 1899.46 19521.6 767.992 7616.67 7195.59 421.071 3918.24 315.816 274.091 7085.46 304.688 6780.77
internal_count=304975 203290 138142 119408 52298 18734 65148 11372 53776 4913 37816 6459 13250 67110 5484 101685 99800 1885 15960 1267 985 99187 1848 97339
is_linear=0
shrinkage=0.1


Tree=20
num_leaves=23
num_cat=0
split_feature=13 15 3 15 15 15 8 14 4 6 12 12 14 6 4 3 4 15 6 3 6 3
split_gain=7050.46 1678.6 1100.76 1439.21 3359.83 1631.44 1286.27 2442.78 1032.99 474.962 203.08 185.548 146.005 103.294 100.956 68.4916 32.2617 9.27109 5.90166 3.29584 1.33626 0.164734
threshold=44475.000000000007 25.500000000000004 27.500000000000004 35.000000000000007 33.000000000000007 46.000000000000007 2.5000000000000004 80.000000000000014 3.5000000000000004 37.500000000000007 4750.0000000000009 31825.000000000004 92.000000000000014 31.500000000000004 4.5000000000000009 51.500000000000007 4.5000000000000009 23.500000000000004 34.500000000000007 3.5000000000000004 38.500000000000007 3.5000000000000004
decision_type=2 2 2 2 2 2 2 2 2 2 2 2 2 2 2 2 2 2 2 2 2 2
left_child=1 10 3 4 -3 -5 7 -4 -8 11 17 13 20 14 -2 -15 18 19 -13 -1 -11 -19
right_child=9 2 6 5 -6 -7 8 -9 -10 12 -12 16 -14 15 -16 -17 -18 21 -20 -21 -22 -23
leaf_value=0.0060288717759238476 0.068457273724506038 -0.0084725544594891813 -0.12869363164544534 0.064205989075158384 -0.33353869736050412 0.011399842397603454 0.069598472263205743 0.12368796009579558 -0.011337026078607747 -0.077461310418578067 0.11086267263778803 0.11879060532854469 0.10413526984655533 0.096982030784405454 -0.11741817817164527 -0.11643611389667492 -0.099486802882641487 0.035098947295522535 0.18037931803647705 -0.04358202617280986 -0.10707860907543471 0.028674246762903494
leaf_weight=36.427754640579224 121.19480110704899 3429.7068189680576 1966.4719954654574 8331.8125597238541 349.45709498226643 19642.574379533529 1809.60689227283 475.50912900269032 12218.640609167516 27.406986631453037 1856.3465332388878 60.49946716427803 32.199927248060703 16.233219593763351 37.433291271328926 129.48107077926397 5.2483196258544913 150.85012350976467 30.316390931606293 19.9909348487854 5978.1787090264261 113.67454129457474
leaf_count=153 543 13207 11409 34108 1670 69771 6114 2131 52919 291 12934 267 296 61 295 1117 43 669 71 81 96324 501
internal_value=-0.00028627 0.0123021 0.00842328 0.0193041 -0.0386115 0.0271292 -0.0125541 -0.0795187 -0.000892344 -0.0988201 0.0981684 0.00663597 -0.105814 -0.0316662 0.0241333 -0.0921614 0.127058 0.024628 0.141091 -0.0120027 -0.106956 0.0324564
internal_weight=56839.3 50401.1 48223.8 31753.6 3779.16 27974.4 16470.2 2441.98 14028.2 6438.19 2177.29 400.407 6037.79 304.342 158.628 145.714 96.0642 320.943 90.8159 56.4187 6005.59 264.525
internal_count=304975 205667 191329 118756 14877 103879 72573 13540 59033 99308 14338 2397 96911 2016 838 1178 381 1404 338 234 96615 1170
is_linear=0
shrinkage=0.1


Tree=21
num_leaves=26
num_cat=0
split_feature=15 15 6 1 13 15 1 2 12 6 6 14 1 3 13 13 6 0 3 15 3 3 3 12 3
split_gain=6325.91 1516.24 1343.4 2298.11 1460.76 1022.88 1747.41 1096.28 201.829 173.666 645.576 136.124 769.735 74.515 58.0193 49.7907 31.9501 17.8607 11.3384 7.77016 3.44484 2.76764 2.62298 1.66075 0.144976
threshold=106.00000000000001 25.500000000000004 132.50000000000003 98.500000000000014 15425.000000000002 66.000000000000014 1.5000000000000002 508.50000000000006 4750.0000000000009 28.500000000000004 27.500000000000004 76.000000000000014 42.500000000000007 44.500000000000007 41925.000000000007 43225.000000000007 31.500000000000004 191662.50000000003 53.500000000000007 23.500000000000004 47.500000000000007 47.500000000000007 3.5000000000000004 29625.000000000004 3.5000000000000004
decision_type=2 2 2 2 2 2 2 2 2 2 2 2 2 2 2 2 2 2 2 2 2 2 2 2 2
left_child=1 8 5 4 -4 6 -3 -7 19 10 23 15 20 -5 -12 17 -17 -11 -16 22 -13 -14 -1 -2 -21
right_child=9 2 3 13 -6 7 -8 -9 -10 11 14 12 21 -15 18 16 -18 -19 -20 24 -22 -23 -24 -25 -26
leaf_value=0.0054627141602282591 -0.17326586430128021 -0.013706740327038912 -0.15146052688198192 0.11520630388146905 -0.029905460799838468 0.029912440773255597 0.041978726980628475 -0.026075527149773327 0.10972704721721876 -0.1653238817789445 -0.14752784518872872 0.22143593285099553 -0.1315586607372301 -0.10072502801327453 0.18483024505477386 -0.0067447685030829988 -0.10671385476446978 -0.1165213470880989 0.11861494574877095 0.032388886255470949 0.2990366524580656 -0.10547218086498616 -0.038510532147085462 -0.13082903156806672 0.026342601949315265
leaf_weight=36.293862998485565 126.96928164362907 8032.7036646902561 1401.3181367665529 851.15543404221535 3353.5585147254169 5321.0751446858048 18876.395983703434 10199.299780447036 1696.1950678750873 204.22424634546041 6.5411365181207648 45.647787183523178 154.91718892753124 15.562039777636526 44.13969561457634 32.33179734647274 4647.1062069535255 140.89367607980967 91.915678694844246 147.39602230489254 23.579233825206757 102.80334313958883 20.465989455580711 29.245970651507378 111.56589661538601
leaf_count=153 530 27451 6976 4379 26111 18123 72516 47507 12934 938 27 108 879 249 105 256 80606 1460 363 669 63 1822 81 168 501
internal_value=-0.000280809 0.0110402 0.00747816 -0.0384538 -0.0657535 0.0135646 0.025356 -0.00687967 0.096068 -0.100572 -0.0262762 -0.104715 -0.0420221 0.111218 0.127105 -0.108785 -0.106025 -0.145795 0.141289 0.022571 0.251749 -0.121601 -0.010785 -0.166204 0.0298954
internal_weight=55713.3 50063 48051.1 5621.59 4754.88 42429.5 26909.1 15520.4 2011.92 5650.32 298.812 5351.5 326.948 866.717 142.597 5024.56 4679.44 345.118 136.055 315.722 69.227 257.721 56.7599 156.215 258.962
internal_count=304975 217650 203312 37715 33087 165597 99967 65630 14338 87325 1193 86132 2872 4628 495 83260 80862 2398 468 1404 171 2701 234 698 1170
is_linear=0
shrinkage=0.1


Tree=22
num_leaves=22
num_cat=0
split_feature=13 15 14 3 8 15 6 12 12 14 6 15 3 6 1 4 15 6 3 6 3
split_gain=5634.89 1351.31 1065.38 1091.44 1180.31 1112.84 425.6 200.446 153.714 134.381 77.1873 84.9948 62.9275 35.7661 30.2826 25.9216 6.49936 3.12031 2.09507 1.7761 0.126903
threshold=44475.000000000007 25.500000000000004 96.000000000000014 27.500000000000004 2.5000000000000004 35.000000000000007 37.500000000000007 4750.0000000000009 31825.000000000004 92.000000000000014 31.500000000000004 102.50000000000001 51.500000000000007 14.500000000000002 17.500000000000004 4.5000000000000009 23.500000000000004 34.500000000000007 3.5000000000000004 39.500000000000007 3.5000000000000004
decision_type=2 2 2 2 2 2 2 2 2 2 2 2 2 2 2 2 2 2 2 2 2
left_child=1 7 3 5 -5 -3 8 16 10 19 11 -2 -12 14 -4 17 18 -10 -1 -8 -18
right_child=6 2 13 4 -6 -7 9 -9 15 -11 12 -13 -14 -15 -16 -17 20 -19 -20 -21 -22
leaf_value=0.0049480606293334306 -0.12395811970756275 -0.034823543944066671 0.096189406810415753 -0.085066928996565289 -0.0055681445247932927 0.022934037224516469 -0.083315582878622813 0.10871661923000007 0.11558369588664673 0.10341764707568729 0.094492999264399552 0.059208662425331418 -0.11308848039750995 0.11286991656910977 -0.17245079356133317 -0.094538228360065368 0.029842090135867656 0.16572714855787055 -0.034137744567566401 -0.10586401671186091 0.024167653406615891
leaf_weight=36.172614857554436 31.29583252966404 3804.0901513546705 7.4067648053169233 2171.1361180245876 13320.076662376523 27058.966125369072 56.529055312275887 1548.3239107653499 53.496537908911705 30.191813632845879 16.03882722556591 116.77137736976147 110.18909166753292 960.72692911326885 7.4658295661211014 4.5334387198090544 144.23481296002865 29.595273822546005 20.883310496807098 4985.7623762637377 109.64061914384365
leaf_count=153 201 14789 56 12932 55418 102293 750 12934 267 296 61 637 1117 5811 30 43 669 71 81 95865 501
internal_value=-0.000269408 0.0104069 0.00712084 0.00494306 -0.0167149 0.0158141 -0.0968896 0.0940098 0.00785808 -0.104363 -0.0290394 0.0199223 -0.0861773 0.110484 -0.0410328 0.122383 0.0206613 0.135202 -0.00969952 -0.105628 0.0274959
internal_weight=54623.5 49189.1 47329.9 46354.3 15491.2 30863.1 5434.4 1859.26 361.92 5072.48 274.295 148.067 126.228 975.6 14.8726 87.6253 310.931 83.0918 57.0559 5042.29 253.875
internal_count=304975 205667 191329 185432 68350 117082 99308 14338 2397 96911 2016 838 1178 5897 86 381 1404 338 234 96615 1170
is_linear=0
shrinkage=0.1


Tree=23
num_leaves=24
num_cat=0
split_feature=15 15 7 1 12 15 8 13 12 12 6 12 4 13 6 4 13 15 2 14 3 0 3
split_gain=5059.85 1217.01 1143.59 1623.18 1582.72 1674.41 1546.68 650.41 527.937 198.878 165.166 348.349 293.768 209.906 295.746 47.0486 6.66929 5.42589 2.34141 1.96582 1.67846 0.382523 0.110494
threshold=106.00000000000001 25.500000000000004 80.500000000000014 15.500000000000002 29225.000000000004 35.000000000000007 3.5000000000000004 24125.000000000004 30675.000000000004 4750.0000000000009 42.500000000000007 31825.000000000004 4.5000000000000009 41925.000000000007 28.500000000000004 3.5000000000000004 44075.000000000007 23.500000000000004 508.50000000000006 44.000000000000007 3.5000000000000004 204562.50000000003 3.5000000000000004
decision_type=2 2 2 2 2 2 2 2 2 2 2 2 2 2 2 2 2 2 2 2 2 2 2
left_child=1 9 4 8 5 -3 -5 -6 -4 17 11 13 15 18 -15 -13 19 20 -2 21 -1 -12 -19
right_child=10 2 3 6 7 -7 -8 -9 -10 -11 16 12 -14 14 -16 -17 -18 22 -20 -21 -22 -23 -24
leaf_value=0.0044805298836194237 -0.17645409423134395 -0.085345235331006963 -0.15763095032916413 0.01794409381758914 0.093088775207976898 0.010150584243414591 -0.073472972556774194 0.032776737951030921 0.11214727827749427 0.10781564535794862 -0.16283963285930772 0.21886505265496148 -0.13411094143548644 0.076933375335302742 -0.10578749198190647 0.067426024115763275 -0.10518244993769321 0.027454149703453418 -0.14771998121545946 -0.11669635683457169 -0.030341868474276043 -0.11933020282113711 0.02214325906741145
leaf_weight=36.062848150730133 110.83697228133678 1966.0138676613569 1019.9403191134334 6145.9005142524838 2798.5490096136928 27583.502787016332 2647.0554204843938 4954.0852384679019 77.391828656196594 1412.0980067178607 26.573033303022385 71.926610767841339 42.877031274139881 134.53432312607765 255.15359783545136 30.17775796353817 3718.0138441585004 141.34637036919594 128.02244633436203 251.14756019413471 21.250706985592842 23.398704364895821 107.88514687120914
leaf_count=153 460 7766 7060 35318 12544 100649 18730 20812 433 12934 115 171 250 506 2623 177 79810 669 603 2460 81 150 501
internal_value=-0.000267776 0.00934136 0.00633015 -0.0238999 0.0143457 0.0037943 -0.00958157 0.0545574 -0.138519 0.0919749 -0.0983145 -0.0558858 0.0834277 -0.0881014 -0.0426702 0.175194 -0.106464 0.0188916 -0.161733 -0.121893 -0.00872982 -0.145208 0.0252529
internal_weight=53703.7 48911.1 47192.4 9890.29 37302.2 29549.5 8792.96 7752.63 1097.33 1718.64 4792.66 773.529 144.981 628.547 389.688 102.104 4019.13 306.545 238.859 301.119 57.3136 49.9717 249.232
internal_count=304975 217650 203312 61541 141771 108415 54048 33356 7493 14338 87325 4790 598 4192 3129 348 82535 1404 1063 2725 234 265 1170
is_linear=0
shrinkage=0.1


Tree=24
num_leaves=27
num_cat=0
split_feature=13 15 14 6 12 8 13 13 6 1 4 15 6 6 12 14 6 4 3 6 1 1 2 6 0 0
split_gain=4521.64 1202.57 1086.1 1488.95 1276.26 979.775 1493.79 1278.67 1103.12 907.221 715.957 710.152 385.727 237.151 126.99 125.912 58.6418 80.4602 56.9249 34.3616 25.3358 5.34692 5.03053 2.27686 7.84819 0.799152
threshold=44475.000000000007 46.000000000000007 96.000000000000014 163.50000000000003 77875.000000000015 3.5000000000000004 16875.000000000004 16575.000000000004 74.500000000000014 4.5000000000000009 6.5000000000000009 40.000000000000007 37.500000000000007 293.50000000000006 31825.000000000004 92.000000000000014 31.500000000000004 4.5000000000000009 51.500000000000007 14.500000000000002 17.500000000000004 29.500000000000004 601.50000000000011 38.500000000000007 185512.50000000003 181687.50000000003
decision_type=2 2 2 2 2 2 2 2 2 2 2 2 2 2 2 2 2 2 2 2 2 2 2 2 2 2
left_child=1 5 3 9 -5 7 10 8 -1 -3 -7 -8 14 -9 16 23 17 -2 -18 20 -4 22 -16 24 -14 -23
right_child=12 2 19 4 -6 6 11 13 -10 -11 -12 -13 15 -15 21 -17 18 -19 -20 -21 -22 25 -24 -25 -26 -27
leaf_value=0.048693736547026405 0.058762212521993533 -0.026515690770097879 0.093207335213724873 -0.1361002614619416 0.11471718492884804 0.081663747624415681 -0.18136902963205398 0.10429872955091138 -0.033232781343831182 0.011032190278633084 -0.15289791603629854 -0.028413850365745182 -0.10249671620445225 -0.11599472191609408 0.093547456932755332 0.10288386098708842 0.090897655560830029 -0.11558108710473845 -0.11040337577092428 0.11132323371160927 -0.16136895057039077 0.11193400323202768 -0.021899852631626998 -0.10473785400286534 0.026093138065143063 0.15284890601690357
leaf_weight=5787.2694495990872 107.73233285546303 8888.6845873743296 6.4125422760844213 1350.5162022933364 237.91663080453873 1094.8412781059742 584.51399356871843 3069.804681122303 2294.3907522708178 23302.227605380118 146.73105173557997 631.23758274316788 15.343652784824373 48.874195456504822 15.864282220602037 28.714768812060356 15.728607252240179 34.004557073116302 93.272938080132008 860.77740867435932 7.4031999111175537 30.714673936367035 4.4352122917771331 4212.0706413052976 6.2004453837871543 28.57250802218914
leaf_count=24391 543 29473 56 10817 1237 5735 2568 14408 14585 93183 724 2345 205 392 101 296 61 295 1117 5723 30 166 42 96324 86 72
internal_value=-0.000260779 0.00875376 -0.00115117 -0.00400127 -0.0984841 0.033884 -0.0232905 0.0464289 0.0254335 0.000663816 0.0538421 -0.102041 -0.0950688 0.10081 0.00900833 -0.103135 -0.0259951 0.0164182 -0.080794 0.108807 -0.0448923 0.118241 0.0684796 -0.104556 -0.0659724 0.133861
internal_weight=52904.3 48311.6 34653.9 33779.3 1588.43 13657.7 2457.32 11200.3 8081.66 32190.9 1241.57 1215.75 4592.65 3118.68 330.325 4262.33 250.738 141.737 109.002 874.593 13.8157 79.5867 20.2995 4233.61 21.5441 59.2872
internal_count=304975 205667 140519 134710 12054 65148 11372 53776 38976 122656 6459 4913 99308 14800 2397 96911 2016 838 1178 5809 86 381 143 96615 291 238
is_linear=0
shrinkage=0.1


Tree=25
num_leaves=23
num_cat=0
split_feature=15 15 7 3 13 12 15 13 12 6 12 1 13 6 6 0 13 15 3 14 2 3
split_gain=4069.62 1059.88 900.075 1553.24 2028.61 1293.34 1336.27 595.729 209.776 161.474 290.483 261.867 189.94 268.564 38.9944 6.04357 4.97723 4.6742 1.36003 0.963556 0.787035 0.118332
threshold=106.00000000000001 25.500000000000004 80.500000000000014 11.500000000000002 15425.000000000002 29225.000000000004 35.000000000000007 24125.000000000004 4750.0000000000009 42.500000000000007 32825.000000000007 42.500000000000007 41925.000000000007 28.500000000000004 230.50000000000003 187462.50000000003 44475.000000000007 23.500000000000004 3.5000000000000004 44.000000000000007 508.50000000000006 3.5000000000000004
decision_type=2 2 2 2 2 2 2 2 2 2 2 2 2 2 2 2 2 2 2 2 2 2
left_child=1 8 5 14 -5 6 -3 -7 17 10 12 15 20 -14 -4 -12 19 18 -1 -11 -2 -19
right_child=9 2 3 4 -6 7 -8 -9 -10 16 11 -13 13 -15 -16 -17 -18 21 -20 -21 -22 -23
leaf_value=-0.00062896236799096219 -0.16497985594850156 -0.075962782646867844 0.11059132122930677 -0.12538575707708172 -0.0089514947991957972 0.088279390781297651 0.0086052757996093864 0.028863580371738702 0.10689779516093914 -0.13895056997396316 0.10484296968908996 -0.13301451214121512 0.071713275155065717 -0.10308368947665457 -0.10788477885795196 0.19478203056653595 -0.10415698127217968 0.021166358745983226 -0.032373326465310888 -0.1148198352541793 -0.14167624414114507 0.016038561046938907
leaf_weight=34.887469351291656 107.65076161921024 2004.1569085270166 821.18297348171473 1920.8884935975075 6759.1093981526792 2584.2142965570092 27403.356387235224 4864.3968114778399 1259.0311731100082 48.143464118242264 12.708878412842749 36.951747462153435 139.70366679131985 233.5393208116293 7.5027865245938292 72.407610893249512 3054.6097726114094 134.09202799201012 21.053530782461166 242.70972344279289 121.48543390631676 102.80589844286442
leaf_count=153 460 7766 5158 9397 46934 12544 100649 20812 12934 271 82 199 585 2690 52 171 79600 669 81 2664 603 501
internal_value=-0.000242222 0.00791273 0.00519083 -0.0222385 -0.0347299 0.0122679 0.00283948 0.0494863 0.0891783 -0.096232 -0.0533156 0.0868431 -0.0818148 -0.0376409 0.108486 0.182726 -0.105507 0.0128907 -0.0129348 -0.119276 -0.153294 0.0190178
internal_weight=51986.6 47916.7 46364.8 9508.68 8680 36856.1 29407.5 7448.61 1551.87 4069.91 724.447 122.068 602.379 373.243 828.686 85.1165 3345.46 292.839 55.941 290.853 229.136 236.898
internal_count=304975 217650 203312 61541 56331 141771 108415 33356 14338 87325 4790 452 4338 3275 5210 253 82535 1404 234 2935 1063 1170
is_linear=0
shrinkage=0.1


Tree=26
num_leaves=26
num_cat=0
split_feature=13 15 14 6 12 14 1 0 1 2 6 8 14 12 6 15 3 9 6 1 1 13 6 0 0
split_gain=3663.75 1060.2 961.217 1152.35 1140.89 950.545 861.922 1217.27 726.204 547.408 348.841 276.113 114.146 104.019 44.276 74.6626 51.6924 34.1703 32.7978 21.307 4.52365 4.33767 2.77415 20.8574 0.0063145
threshold=44475.000000000007 46.000000000000007 96.000000000000014 163.50000000000003 77875.000000000015 72.000000000000014 46.500000000000007 189562.50000000003 4.5000000000000009 483.50000000000006 37.500000000000007 3.5000000000000004 92.000000000000014 31825.000000000004 31.500000000000004 102.50000000000001 51.500000000000007 2.5000000000000004 14.500000000000002 17.500000000000004 29.500000000000004 52175.000000000007 39.500000000000007 185512.50000000003 181687.50000000003
decision_type=2 2 2 2 2 2 2 2 2 2 2 2 2 2 2 2 2 2 2 2 2 2 2 2 2
left_child=1 5 3 8 -5 6 7 -1 -3 11 13 -7 22 14 15 -2 -16 -11 19 -4 21 -15 23 -12 -22
right_child=10 2 18 4 -6 9 -8 -9 -10 17 12 -13 -14 20 16 -17 -18 -19 -20 -21 24 -23 -24 -25 -26
leaf_value=0.037601487446341855 -0.12275753261334564 -0.024624710832780547 0.090371142677137237 -0.12848339367112718 0.11410516315891209 0.11154990687588334 0.11156027216086371 -0.034602730453282902 0.0089514698588701574 0.11079556243187705 -0.10431136748183728 -0.18528018616380357 0.10202730389773446 0.0062080713603647969 0.087675259586249568 0.053409383789415378 -0.10821744811613361 0.029348132771716409 0.1099409838196107 -0.15201967857090692 0.10913942874639547 0.10353888110672455 -0.10403979338224539 0.07400952444201514 0.14326442945951079
leaf_weight=6465.322979234159 30.145294547080994 8923.5594183057547 5.569727994501589 1245.3580729290843 228.77272193133831 44.743746511638165 940.60920507460833 3653.4615299776196 23152.657448668033 1846.9686002582312 37.671313498169184 99.501085534691811 26.427143782377243 7.757217317819598 15.423311367630957 104.8299410417676 78.719578877091408 53.866169363260269 775.06478029489517 7.2796561121940613 26.924586832523346 10.669750116765497 3519.0974069796503 7.1506233923137179 27.021769568324089
leaf_count=25673 201 29473 56 10817 1237 274 6804 17438 93183 14240 644 404 296 70 61 637 1117 315 5723 30 166 73 95865 106 72
internal_value=-0.000216009 0.00743632 -0.00179873 -0.00436416 -0.0907839 0.0316337 0.0200477 0.0115308 -0.000389854 0.0942479 -0.0934783 -0.0930715 -0.102152 0.00980754 -0.0232843 0.0134509 -0.0755404 0.108504 0.107307 -0.0480135 0.113459 0.0649941 -0.103694 -0.0748688 0.128529
internal_weight=51334.6 47442.7 34338.3 33550.3 1474.13 13104.5 11059.4 10118.8 32076.2 2045.08 3891.84 144.245 3590.35 301.491 229.118 134.975 94.1429 1900.83 787.914 12.8494 72.3733 18.427 3563.92 44.8219 53.9464
internal_count=304975 205667 140519 134710 12054 65148 49915 43111 122656 15233 99308 678 96911 2397 2016 838 1178 14555 5809 86 381 143 96615 750 238
is_linear=0
shrinkage=0.1


Tree=27
num_leaves=22
num_cat=0
split_feature=15 3 12 8 4 8 0 14 6 1 15 4 6 1 6 13 12 6 3 13 0
split_gain=3292.07 974.95 1227.73 1496.21 991.554 1268.8 1159.36 1020.84 885.055 1322.12 783.575 742.697 631.499 564.703 154.403 250.134 330.143 198.66 4.86556 3.66608 3.05274
threshold=106.00000000000001 36.500000000000007 26225.000000000004 3.5000000000000004 4.5000000000000009 2.5000000000000004 153337.50000000003 96.000000000000014 75.500000000000014 15.500000000000002 35.000000000000007 5.5000000000000009 136.50000000000003 29.500000000000004 42.500000000000007 39575.000000000007 32825.000000000007 28.500000000000004 46.500000000000007 44475.000000000007 187462.50000000003
decision_type=2 2 2 2 2 2 2 2 2 2 2 2 2 2 2 2 2 2 2 2 2
left_child=1 2 8 12 5 18 -7 11 10 -10 -1 -6 -4 -5 15 -2 17 -17 -3 -16 -18
right_child=14 4 3 13 7 6 -8 -9 9 -11 -12 -13 -14 -15 19 16 20 -19 -20 -21 -22
leaf_value=-0.053934569427612371 -0.14642066491362357 -0.13110715926959796 0.074116823623221736 0.010162933475351282 -0.035070771215275728 -0.040133623193639126 0.081956161658921223 0.10772915451771181 -0.15759376940903763 0.054798977518567715 0.010083073731694737 -0.12014527869765607 0.017218838292003689 -0.06932187837206559 -0.11746592239601535 0.03928195656606856 0.10119637175867142 -0.10515620882782413 -0.10867946229378141 -0.10336315265205076 0.17745438261811586
leaf_weight=2108.6517483964562 196.16554083675146 384.54010685533285 7166.4621366895735 3644.3543266579509 2629.0692355036736 1230.8762260377407 2109.6858027726412 355.80593445897102 817.58204849809408 455.90153988450766 20403.946218818426 1683.4031495191157 2681.0320475883782 1183.2040777765214 263.62160379067063 153.19020265340805 10.729078739881514 248.82569888979197 188.84724936634302 2518.4058481603861 71.311931759119034
leaf_count=8777 957 2256 38464 15448 18474 4624 10881 3107 5776 1802 70056 12144 15452 7029 2935 672 82 2908 3360 79600 171
internal_value=-0.000198142 0.00672884 0.0135292 0.0362746 -0.023745 0.0133755 0.0369719 -0.0548636 -0.000504655 -0.0815748 0.00408471 -0.0683003 0.0586294 -0.00932861 -0.0942934 -0.0514721 -0.0127713 -0.0501564 -0.123923 -0.104741 0.16882
internal_weight=50505.6 47043.4 38461.1 14675.1 8582.23 3913.95 3340.56 4668.28 23786.1 1273.48 22512.6 4312.47 9847.49 4827.56 3462.25 680.222 484.057 402.016 573.387 2782.03 82.041
internal_count=304975 217650 162804 76393 54846 21121 15505 33725 86411 7578 78833 30618 53916 22477 87325 4790 3833 3580 5616 82535 253
is_linear=0
shrinkage=0.1


Tree=28
num_leaves=22
num_cat=0
split_feature=13 15 15 6 15 0 15 14 6 15 0 6 14 12 4 6 4 15 6 0 4
split_gain=2969.08 925.545 812.06 1862.32 1507.24 1733.31 1106.96 807.189 537.325 763.443 1302.04 315.831 93.7737 81.4274 42.7549 63.4259 16.8035 3.74613 3.0747 20.0659 0.431948
threshold=44475.000000000007 31.000000000000004 35.000000000000007 163.50000000000003 46.000000000000007 178012.50000000003 33.000000000000007 96.000000000000014 16.500000000000004 29.500000000000004 24562.500000000004 37.500000000000007 92.000000000000014 31825.000000000004 4.5000000000000009 31.500000000000004 4.5000000000000009 25.500000000000004 39.500000000000007 185512.50000000003 6.5000000000000009
decision_type=2 2 2 2 2 2 2 2 2 2 2 2 2 2 2 2 2 2 2 2 2
left_child=1 8 3 6 5 -4 -3 -6 9 10 -1 13 18 14 15 -2 -15 -10 19 -13 -11
right_child=11 2 4 -5 7 -7 -8 -9 17 20 -12 12 -14 16 -16 -17 -18 -19 -20 -21 -22
leaf_value=0.015323687234141107 0.054811186094336661 -0.051532798913314005 0.088382336296964334 0.1461248839937169 -0.0045124373399518065 -0.0098800556951740646 -0.23212401295919666 0.10543147522405963 0.10595572874872611 0.13420813072998319 -0.35107302816304597 -0.10354917422102744 0.10030829507941925 0.12031337228469735 -0.11327744106987643 -0.067601214129494464 -0.087588561538738563 0.12110804441722607 -0.10336645217779453 0.072259340295469696 0.11818842463471185
leaf_weight=506.85827696323395 97.200341284275055 2070.5415473356843 4320.4015409126878 420.92346897721291 33066.01906555146 3070.4663757830858 405.22063885629177 680.54332482069731 1069.5812483467162 228.2448496222496 118.91813634335995 34.118893258273602 22.123094893991947 61.076613284647465 38.591152064502239 73.392373193055391 3.4513790272176257 267.94761852920055 2946.655206983909 7.211505524814128 125.16165161132812
leaf_count=2162 543 8493 18431 1142 134710 17392 1670 5809 12918 694 589 644 296 338 442 1031 43 1116 95865 106 541
internal_value=-0.000206691 0.00630408 0.00306211 -0.0481047 0.00666609 0.0475643 -0.0811729 -0.00229222 0.0678969 0.0115893 -0.0547528 -0.0920796 -0.101429 0.0107292 -0.0196558 0.00205989 0.108026 0.109079 -0.102955 -0.071891 0.128884
internal_weight=49634.6 46350.8 44034.1 2896.69 41137.4 7390.87 2475.76 33746.6 2316.71 979.183 625.776 3283.82 3010.11 273.712 209.184 170.593 64.528 1337.53 2987.99 41.3304 353.407
internal_count=304975 205667 187647 11305 176342 35823 10163 140519 18020 3986 2751 99308 96911 2397 2016 1574 381 14034 96615 750 1235
is_linear=0
shrinkage=0.1


Tree=29
num_leaves=20
num_cat=0
split_feature=15 15 14 4 12 6 14 12 12 6 13 12 6 6 3 3 12 13 0
split_gain=2658.71 814.371 1639.83 879.678 800.88 1260.83 601.284 947.063 331.946 153.367 219.259 276.607 167.898 108.51 161.095 74.6453 4.76265 2.51942 1.48045
threshold=106.00000000000001 66.000000000000014 80.000000000000014 6.5000000000000009 70375.000000000015 99.500000000000014 96.000000000000014 33875.000000000007 42175.000000000007 42.500000000000007 39575.000000000007 32825.000000000007 28.500000000000004 4.5000000000000009 21.500000000000004 37.500000000000007 23775.000000000004 44475.000000000007 187462.50000000003
decision_type=2 2 2 2 2 2 2 2 2 2 2 2 2 2 2 2 2 2 2
left_child=1 2 4 6 5 -1 7 -3 15 10 -2 12 -12 14 -4 -5 -15 -11 -13
right_child=9 3 13 8 -6 -7 -8 -9 -10 17 11 18 -14 16 -16 -17 -18 -19 -20
leaf_value=0.015348245334040805 -0.14010671532233868 -0.00069666059791403685 -0.17152057572237678 -0.20125616873848751 0.11113975339133292 -0.045457565051570108 0.10744910674987769 -0.070445314667166054 0.10677532270684054 -0.11560712054910392 0.035614720605517493 0.097627053761095456 -0.10106094495606724 -0.017996551362458011 0.10703246395087194 -0.12329152793153181 0.10884826892942508 -0.10271945381450193 0.16517100789625253
leaf_weight=23324.847531311214 184.53620002418756 12689.235975321382 34.258745387196541 236.81049391627312 749.95813270285726 3993.0120262391865 437.1528367176652 2298.5254495218396 50.684724867343903 241.25238598138094 148.3963965550065 8.9322250932455045 225.35474807955325 2.7007416933774939 49.500785529613495 271.56506093591452 1879.8488899767399 2073.4756598882377 69.319138884544373
leaf_count=89691 957 55587 137 968 5181 22518 4118 18748 395 2935 672 82 2908 12 252 2322 17721 79600 171
internal_value=-0.00015985 0.0057418 0.0154463 -0.012493 0.00925989 0.00645901 -0.00802237 -0.0113973 -0.135605 -0.0921531 -0.0485703 -0.0109725 -0.0468442 0.103704 -0.00757881 -0.159933 0.108657 -0.104112 0.15879
internal_weight=48969.4 46018.1 30034.1 15984 28067.8 27317.9 15424.9 14987.8 559.06 2951.27 636.539 452.003 373.751 1966.31 83.7595 508.376 1882.55 2314.73 78.2514
internal_count=304975 217650 135512 82138 117390 112209 78453 74335 3685 87325 4790 3833 3580 18122 389 3290 17733 82535 253
is_linear=0
shrinkage=0.1


Tree=30
num_leaves=21
num_cat=0
split_feature=13 15 15 6 15 0 15 6 6 15 0 6 14 4 4 4 15 6 0 15
split_gain=2395.54 789.102 660.404 1619.95 1226.67 1512.7 877.391 662.892 516.682 658.778 912.052 297.141 77.4742 69.4896 70.6624 65.5147 44.1647 3.62189 19.4167 2.13206
threshold=44475.000000000007 31.000000000000004 35.000000000000007 163.50000000000003 46.000000000000007 178012.50000000003 33.000000000000007 163.50000000000003 16.500000000000004 29.500000000000004 24562.500000000004 37.500000000000007 92.000000000000014 4.5000000000000009 3.5000000000000004 2.5000000000000004 124.50000000000001 39.500000000000007 185512.50000000003 25.500000000000004
decision_type=2 2 2 2 2 2 2 2 2 2 2 2 2 2 2 2 2 2 2 2
left_child=1 8 3 6 5 -4 -3 -6 9 10 -1 13 17 14 15 -2 -16 18 -13 -10
right_child=11 2 4 -5 7 -7 -8 -9 19 -11 -12 12 -14 -15 16 -17 -18 -19 -20 -21
leaf_value=0.012516717766747516 0.074017236749450543 -0.047358681896767056 0.083671496891993741 0.14166355790936661 0.00071944657906052218 -0.0099890942990734574 -0.20699227968048867 -0.068565748071951177 0.1053778720331795 0.12494689911644968 -0.28065545241955181 -0.10243921044462193 0.098720885642870126 -0.11169938841077776 0.10605001120723104 -0.091778809699991179 -0.095969590402940452 -0.1028026641638415 0.072774938777106779 0.1183749594935728
leaf_weight=497.67109030485153 37.891798973083496 2084.7461182624102 4033.6216285303235 404.86361807584763 31928.184637639672 3011.1920885369182 411.68631422519684 1442.3216687589884 953.6711764857173 325.47700993716717 133.84548492729664 29.953505992889404 18.574518099427223 37.289795007556677 107.04603325948119 60.745468031615019 11.24937594681978 2461.7997743189335 7.1789136677980414 244.63678480684757
leaf_count=2162 319 8493 18431 1142 126711 17392 1670 13808 12918 1235 589 644 296 485 648 664 281 95865 106 1116
internal_value=-0.000143913 0.00535847 0.00241929 -0.0436568 0.00572795 0.0436421 -0.0737562 -0.00227712 0.0644007 0.00959181 -0.0499645 -0.0903832 -0.100784 0.0126067 0.0343888 -0.0279841 0.0861954 -0.102306 -0.0675444 0.108128
internal_weight=48243.6 45471.9 43316.6 2901.3 40415.3 7044.81 2496.43 33370.5 2155.3 956.994 631.517 2771.73 2517.51 254.222 216.933 98.6373 118.295 2498.93 37.1324 1198.31
internal_count=304975 205667 187647 11305 176342 35823 10163 140519 18020 3986 2751 99308 96911 2397 1912 983 929 96615 750 14034
is_linear=0
shrinkage=0.1


Tree=31
num_leaves=18
num_cat=0
split_feature=15 1 6 12 6 3 14 15 1 6 12 1 13 6 3 13 0
split_gain=2169.13 701.54 861.193 883.72 1216.13 850.118 787.137 941.511 318.408 119.858 196.435 158.396 113.077 200.21 32.6142 1.60076 0.554032
threshold=110.50000000000001 98.500000000000014 132.50000000000003 25425.000000000004 67.500000000000014 36.500000000000007 80.000000000000014 49.000000000000007 79.500000000000014 42.500000000000007 32825.000000000007 42.500000000000007 41925.000000000007 28.500000000000004 44.500000000000007 44475.000000000007 187462.50000000003
decision_type=2 2 2 2 2 2 2 2 2 2 2 2 2 2 2 2 2
left_child=1 2 3 4 -1 -5 7 -4 -8 10 12 16 -2 -14 -3 -11 -12
right_child=9 14 6 5 -6 -7 8 -9 -10 15 11 -13 13 -15 -16 -17 -18
leaf_value=-0.00065515348215166821 -0.13648234327122072 0.10990766819651401 -0.011283540398070004 0.040240828010965374 -0.13723295336518712 -0.0095617118066741134 0.10830701396169347 -0.11583682548984227 -0.039123298941479527 -0.11398800559495351 0.094417902281451332 -0.1203623166671922 0.05699629813566931 -0.11302173049550335 -0.091023765696835998 -0.10217269925820281 0.15513997892751816
leaf_weight=23211.609821051359 196.703064635396 648.1564191095531 1880.0942516475916 11654.923564247787 669.80042950250208 4854.7161253578961 443.68125858157873 1588.799370309338 217.82245168089867 215.18027819879353 7.5010322481393805 29.495893083512783 124.01347578316927 154.55174383707345 7.4729917440563431 1674.54064091295 66.592757761478424
leaf_count=84404 1063 4971 9531 60211 4814 28354 3940 18983 3497 2905 82 199 585 2597 249 78419 171
internal_value=-0.000115659 0.00487284 0.00335942 0.00780726 -0.00449133 0.0255965 -0.0401273 -0.0591899 0.0597748 -0.0913745 -0.0514263 0.0728411 -0.0786078 -0.0373989 0.107482 -0.103578 0.150332
internal_weight=47645.7 45177.1 44521.4 40391 23881.4 16509.6 4130.4 3468.89 661.504 2468.58 578.858 103.59 475.268 278.565 655.629 1889.72 74.0938
internal_count=304975 218954 213734 177783 89218 88565 35951 28514 7437 86021 4697 452 4245 3182 5220 81324 253
is_linear=0
shrinkage=0.1


Tree=32
num_leaves=19
num_cat=0
split_feature=15 15 1 7 13 12 12 6 12 1 13 6 3 15 0 2 13 3
split_gain=1931.26 675.106 628.523 970.363 718.614 546.725 194.058 119.131 170.589 135.246 99.262 175.794 29.5582 3.92312 1.70396 1.21645 0.901111 0.110416
threshold=110.50000000000001 25.500000000000004 98.500000000000014 146.50000000000003 16575.000000000004 25425.000000000004 4750.0000000000009 42.500000000000007 32075.000000000004 42.500000000000007 41925.000000000007 28.500000000000004 44.500000000000007 23.500000000000004 187462.50000000003 2808.5000000000005 44475.000000000007 3.5000000000000004
decision_type=2 2 2 2 2 2 2 2 2 2 2 2 2 2 2 2 2 2
left_child=1 6 3 5 -5 -3 13 8 10 14 -2 -12 -4 15 -10 -1 -9 -15
right_child=7 2 12 4 -6 -7 -8 16 9 -11 11 -13 -14 17 -16 -17 -18 -19
leaf_value=0.00012930670595666629 -0.131915029506285 -0.0047126489421388806 0.10915074965154084 -0.11674680198687166 -0.014013561206583761 0.018977545784243044 0.10475137376155784 -0.11254195685819918 0.079728513165094453 -0.1174297415880403 0.051919316314623466 -0.11171874023399048 -0.089830261504308687 0.017102056691982871 0.14707873452341977 -0.029228380556993144 -0.10194962618856676 0.012267869294208549
leaf_weight=28.533745259046555 183.85801105946302 23629.907659139484 563.95841209590435 1142.1832680143416 1684.4978889934719 16573.349002184346 845.03946824371815 197.08915321156383 8.2038718909025174 27.344820745289326 121.42495933920145 140.78716149367392 6.8598183281719676 129.671675093472 63.435097396373749 26.911689877510071 1518.3357295580208 99.828911304473877
leaf_count=111 1063 88082 4379 6662 21071 84173 12934 2905 105 199 575 2584 249 669 171 123 78419 501
internal_value=-0.000124271 0.00443391 0.00245525 0.00107117 -0.0555518 0.0050536 0.0807115 -0.0902844 -0.0494224 0.0688343 -0.0757591 -0.036032 0.106607 0.00930146 0.14057 -0.0143855 -0.103231 0.0150616
internal_weight=46991.2 44730.7 43600.8 43029.9 2826.68 40203.3 1129.99 2260.48 545.054 98.9838 446.07 262.212 570.818 284.946 71.639 55.4454 1715.42 229.501
internal_count=304975 218954 204616 199988 27733 172255 14338 86021 4697 475 4222 3159 4628 1404 276 234 81324 1170
is_linear=0
shrinkage=0.1


Tree=33
num_leaves=25
num_cat=0
split_feature=13 3 12 8 4 8 14 4 2 13 15 15 15 4 6 6 6 12 4 6 14 6 4 0
split_gain=1767.29 628.975 1081.5 819.223 2355.54 763.862 1948.32 869.475 849.306 745.292 527.017 441.077 583.334 377.426 268.377 266.278 132.019 74.4036 37.0609 40.937 35.0117 21.2416 14.0737 2.13546
threshold=44825.000000000007 26.500000000000004 16375.000000000002 3.5000000000000004 6.5000000000000009 2.5000000000000004 80.000000000000014 3.5000000000000004 516.50000000000011 15425.000000000002 82.000000000000014 46.000000000000007 35.000000000000007 6.5000000000000009 3.5000000000000004 38.500000000000007 5.5000000000000009 31825.000000000004 2.5000000000000004 28.500000000000004 92.000000000000014 35.500000000000007 4.5000000000000009 185512.50000000003
decision_type=2 2 2 2 2 2 2 2 2 2 2 2 2 2 2 2 2 2 2 2 2 2 2 2
left_child=1 2 11 9 -5 6 14 10 -9 -4 -7 12 -1 -13 -3 17 -8 18 21 -20 -17 -2 23 -19
right_child=15 5 3 4 -6 7 16 8 -10 -11 -12 13 -14 -15 -16 20 -18 22 19 -21 -22 -23 -24 -25
leaf_value=-0.027990276322544905 0.10797794938782473 0.0033235407679279559 0.00062113955678950636 0.019396506856189918 -0.20602969734213003 0.14981456515586619 -0.036349601607106152 0.022735566933937804 -0.03246318542390135 0.055084896011083198 0.028088600352116657 -0.021284339976961983 0.052864708980608889 -0.17623173398096775 -0.12523748880104527 -0.1022019686186396 0.13958488510907299 0.1139483587643734 0.012015054755330906 -0.09719462867523769 0.092336894794090282 -0.089648700047615243 -0.081927209318084726 0.18680083241147835
leaf_weight=1575.7739606127143 28.625244505703449 180.46255481243134 3387.8054696805775 3482.4202124141157 533.68674936890602 500.64176742732525 47.329820774495602 4377.5538446046412 7670.0948927812278 9724.1407581344247 1224.6041178908199 7512.1337105631828 2054.7077469974756 159.58945351839066 1614.7612362708896 1894.5248393714428 399.23244102299213 43.213611006736755 69.197069734334946 66.726714489981532 8.57021741196513 5.860841402783989 2.7462765052914611 7.3899970799684516
leaf_count=5988 190 649 24094 16612 2544 1433 259 16498 41254 45101 4792 24340 8736 660 11554 95510 2249 317 421 1397 171 133 47 26
internal_value=-0.000122309 0.00413994 0.0130682 0.028911 -0.0106034 -0.0117099 -0.0658294 -0.00289682 -0.0124063 0.0410139 0.0634781 -0.0109414 0.0177724 -0.0245301 -0.112319 -0.0891507 0.120899 0.0139836 -0.0184088 -0.0419157 -0.101278 0.0728119 0.115886 0.128001
internal_weight=46571.8 44444.9 28430.3 17128.1 4016.11 16014.7 2241.79 13772.9 12047.6 13111.9 1725.25 11302.2 3630.48 7671.72 1795.22 2126.85 446.562 223.76 170.41 135.924 1903.1 34.4861 53.3499 50.6036
internal_count=304975 206763 128075 88351 19156 78688 14711 63977 57752 69195 6225 39724 14724 25000 12203 98212 2508 2531 2141 1818 95681 323 390 343
is_linear=0
shrinkage=0.1


Tree=34
num_leaves=21
num_cat=0
split_feature=13 15 14 1 1 6 15 0 6 6 12 6 4 6 14 6 1 4 0 15
split_gain=1582.39 621.505 596.641 566.801 980.653 440.152 557.907 690.277 247.229 143.012 66.2749 34.1947 32.2481 36.9757 31.8676 19.1558 14.1499 12.8116 1.65067 0.848965
threshold=44825.000000000007 31.000000000000004 96.000000000000014 94.500000000000014 31.500000000000004 16.500000000000004 29.500000000000004 24562.500000000004 38.500000000000007 239.50000000000003 31825.000000000004 14.500000000000002 2.5000000000000004 28.500000000000004 92.000000000000014 35.500000000000007 17.500000000000004 4.5000000000000009 185512.50000000003 25.500000000000004
decision_type=2 2 2 2 2 2 2 2 2 2 2 2 2 2 2 2 2 2 2 2
left_child=1 5 3 4 -3 6 7 -1 10 -5 12 16 15 -14 -10 -2 -4 18 -12 -7
right_child=8 2 11 9 -6 19 -8 -9 14 -11 17 -13 13 -15 -16 -17 -18 -19 -20 -21
leaf_value=0.013672322950832844 0.10651327208158048 0.0027935229078027263 0.080724371028006225 0.10870811518956736 -0.056585378900784626 0.10423052526785415 0.12253848522749876 -0.23481570499698523 -0.10197859448384734 -0.10041246224058242 0.11215998694131804 0.10648918800845669 0.01085043738211354 -0.095091466710095607 0.091224695000892364 -0.088194614931570769 -0.14410966873575135 -0.079863133890385463 0.18183601247710143 0.11512499089799505
leaf_weight=500.87281555682421 26.252282641828064 37948.795289190486 3.4818890243768674 561.48140186071396 3000.2827590703964 756.19600747898221 303.21218819916248 142.87739527225494 1717.802929116413 33.961523601785302 39.708056338131428 555.98430195823312 69.075884416699409 61.665968850255013 7.8560602143406859 5.4018239397555581 7.1172092109918594 2.5704690273851147 6.8858592361211768 213.97884684801102
leaf_count=2162 190 156786 56 4696 20096 12918 1235 589 95510 1164 317 5915 421 1397 171 133 30 47 26 1116
internal_value=-0.000114573 0.00377823 0.00124253 -0.000148738 -0.00155836 0.0594468 0.0109232 -0.0417571 -0.0885447 0.0966324 0.0134271 0.103077 -0.0175067 -0.0394608 -0.101047 0.0716027 -0.0696581 0.113917 0.126061 0.106749
internal_weight=45965.5 44028.2 42111.1 41544.5 40949.1 1917.14 946.962 643.75 1937.22 595.443 211.56 566.583 162.396 130.742 1725.66 31.6541 10.5991 49.1644 46.5939 970.175
internal_count=304975 206763 188743 182742 176882 18020 3986 2751 98212 5860 2531 6001 2141 1818 95681 323 86 390 343 14034
is_linear=0
shrinkage=0.1


end of trees

feature_importances:
lost_cum=145
rival_income=113
income=90
worth=87
enemies=76
rival=64
extractors=62
frame=45
army=45
producers=27
credits=21
killed_cum=10
idle=1

parameters:
[boosting: gbdt]
[objective: binary]
[metric: auc]
[tree_learner: serial]
[device_type: cpu]
[data_sample_strategy: bagging]
[data: ]
[valid: ]
[num_iterations: 300]
[learning_rate: 0.1]
[num_leaves: 31]
[num_threads: 24]
[seed: 42]
[deterministic: 0]
[force_col_wise: 0]
[force_row_wise: 0]
[histogram_pool_size: -1]
[max_depth: 5]
[min_data_in_leaf: 20]
[min_sum_hessian_in_leaf: 0.001]
[bagging_fraction: 0.8]
[pos_bagging_fraction: 1]
[neg_bagging_fraction: 1]
[bagging_freq: 0]
[bagging_seed: 400]
[bagging_by_query: 0]
[feature_fraction: 1]
[feature_fraction_bynode: 1]
[feature_fraction_seed: 30056]
[extra_trees: 0]
[extra_seed: 12879]
[early_stopping_round: 0]
[early_stopping_min_delta: 0]
[first_metric_only: 0]
[max_delta_step: 0]
[lambda_l1: 0]
[lambda_l2: 1]
[linear_lambda: 0]
[min_gain_to_split: 0]
[drop_rate: 0.1]
[max_drop: 50]
[skip_drop: 0.5]
[xgboost_dart_mode: 0]
[uniform_drop: 0]
[drop_seed: 17869]
[top_rate: 0.2]
[other_rate: 0.1]
[min_data_per_group: 100]
[max_cat_threshold: 32]
[cat_l2: 10]
[cat_smooth: 10]
[max_cat_to_onehot: 4]
[top_k: 20]
[monotone_constraints: ]
[monotone_constraints_method: basic]
[monotone_penalty: 0]
[feature_contri: ]
[forcedsplits_filename: ]
[refit_decay_rate: 0.9]
[cegb_tradeoff: 1]
[cegb_penalty_split: 0]
[cegb_penalty_feature_lazy: ]
[cegb_penalty_feature_coupled: ]
[path_smooth: 0]
[interaction_constraints: ]
[verbosity: -1]
[saved_feature_importance_type: 0]
[use_quantized_grad: 0]
[num_grad_quant_bins: 4]
[quant_train_renew_leaf: 0]
[stochastic_rounding: 1]
[linear_tree: 0]
[max_bin: 255]
[max_bin_by_feature: ]
[min_data_in_bin: 3]
[bin_construct_sample_cnt: 200000]
[data_random_seed: 175]
[is_enable_sparse: 1]
[enable_bundle: 1]
[use_missing: 1]
[zero_as_missing: 0]
[feature_pre_filter: 1]
[pre_partition: 0]
[two_round: 0]
[header: 0]
[label_column: ]
[weight_column: ]
[group_column: ]
[ignore_column: ]
[categorical_feature: ]
[forcedbins_filename: ]
[precise_float_parser: 0]
[parser_config_file: ]
[objective_seed: 16083]
[num_class: 1]
[is_unbalance: 0]
[scale_pos_weight: 1]
[sigmoid: 1]
[boost_from_average: 1]
[reg_sqrt: 0]
[alpha: 0.9]
[fair_c: 1]
[poisson_max_delta_step: 0.7]
[tweedie_variance_power: 1.5]
[lambdarank_truncation_level: 30]
[lambdarank_norm: 1]
[label_gain: ]
[lambdarank_position_bias_regularization: 0]
[eval_at: ]
[multi_error_top_k: 1]
[auc_mu_weights: ]
[num_machines: 1]
[local_listen_port: 12400]
[time_out: 120]
[machine_list_filename: ]
[machines: ]
[gpu_platform_id: -1]
[gpu_device_id: -1]
[gpu_use_dp: 0]
[num_gpu: 1]

end of parameters

pandas_categorical:null
